-0.513384 -0.778047 0.0341729
-0.516006 -0.670053 -0.0339552
-0.592568 -0.706599 -0.0192945
-0.513384 -0.778047 0.0341729


-0.247188 -0.647304 0.0288638
-0.091259 -0.60278 0.0205463
-0.189802 -0.558906 -0.0893472
-0.247188 -0.647304 0.0288638


-0.267127 -0.884186 0.466838
-0.178749 -0.884306 0.520366
-0.225237 -0.817316 0.352312
-0.267127 -0.884186 0.466838


-0.101211 -0.896586 0.590202
-0.178749 -0.884306 0.520366
-0.104528 -0.994522 0.79499
-0.101211 -0.896586 0.590202


0.00485609 -0.764436 0.377992
-0.0978938 -0.798651 0.386646
0.00242804 -0.882218 0.620497
0.00485609 -0.764436 0.377992


-0.0978938 -0.798651 0.386646
-0.183151 -0.725521 0.195854
-0.225237 -0.817316 0.352312
-0.0978938 -0.798651 0.386646


-0.361959 -0.8241 0.264878
-0.355922 -0.684353 0.0404614
-0.438982 -0.747077 0.0738659
-0.361959 -0.8241 0.264878


-0.406737 -0.913545 0.422122
-0.309017 -0.951057 0.590123
-0.361959 -0.8241 0.264878
-0.406737 -0.913545 0.422122


-0.539231 -0.510156 -0.165866
-0.440119 -0.618379 -0.0701221
-0.386889 -0.471157 -0.229967
-0.539231 -0.510156 -0.165866


-0.583975 -0.383409 -0.243303
-0.539231 -0.510156 -0.165866
-0.485432 -0.427283 -0.252548
-0.583975 -0.383409 -0.243303


-0.59303 -0.59303 -0.087457
-0.440119 -0.618379 -0.0701221
-0.539231 -0.510156 -0.165866
-0.59303 -0.59303 -0.087457


-0.668087 -0.63108 -0.0428548
-0.59303 -0.59303 -0.087457
-0.670053 -0.516006 -0.108839
-0.668087 -0.63108 -0.0428548


-0.778047 -0.513384 -0.0485652
-0.723067 -0.572232 -0.0502354
-0.670053 -0.516006 -0.108839
-0.778047 -0.513384 -0.0485652


-0.743145 -0.669131 -1.71611e-32
-0.669131 -0.743145 -1.00608e-32
-0.668087 -0.63108 -0.0428548
-0.743145 -0.669131 -1.71611e-32


-0.513384 -0.778047 0.0341729
-0.5 -0.866025 1.81747e-31
-0.438982 -0.747077 0.0738659
-0.513384 -0.778047 0.0341729


-0.516006 -0.670053 -0.0339552
-0.513384 -0.778047 0.0341729
-0.438982 -0.747077 0.0738659
-0.516006 -0.670053 -0.0339552


-0.587785 -0.809017 5.50183e-33
-0.5 -0.866025 1.81747e-31
-0.513384 -0.778047 0.0341729
-0.587785 -0.809017 5.50183e-33


0.180404 -0.835036 0.646435
0.207912 -0.978148 0.951994
0.255413 -0.878212 0.794188
0.180404 -0.835036 0.646435


0.180404 -0.835036 0.646435
0.105394 -0.79186 0.501598
0.104961 -0.893191 0.709956
0.180404 -0.835036 0.646435


0.207912 -0.978148 0.951994
0.180404 -0.835036 0.646435
0.104961 -0.893191 0.709956
0.207912 -0.978148 0.951994


0.255413 -0.878212 0.794188
0.302914 -0.778277 0.638479
0.180404 -0.835036 0.646435
0.255413 -0.878212 0.794188


0.105827 -0.690528 0.299808
0.00485609 -0.764436 0.377992
0.105394 -0.79186 0.501598
0.105827 -0.690528 0.299808


0.42411 -0.790135 0.782201
0.406737 -0.913545 0.99348
0.5 -0.866025 0.998534
0.42411 -0.790135 0.782201


0.5 -0.76414 0.816524
0.42411 -0.790135 0.782201
0.5 -0.866025 0.998534
0.5 -0.76414 0.816524


0.586936 -0.670764 0.753335
0.5 -0.76414 0.816524
0.587785 -0.809017 0.993486
0.586936 -0.670764 0.753335


0.42411 -0.68825 0.590067
0.342105 -0.592544 0.324277
0.348219 -0.714245 0.558194
0.42411 -0.68825 0.590067


0.586936 -0.670764 0.753335
0.5 -0.662255 0.630356
0.5 -0.76414 0.816524
0.586936 -0.670764 0.753335


0.586936 -0.670764 0.753335
0.630404 -0.573133 0.641781
0.5 -0.560369 0.44827
0.586936 -0.670764 0.753335


0.114434 -0.364873 -0.226867
0.0501734 -0.281347 -0.360411
0.0446582 -0.410684 -0.206364
0.114434 -0.364873 -0.226867


-0.162242 -0.458905 -0.222833
-0.288345 -0.515031 -0.17443
-0.189802 -0.558906 -0.0893472
-0.162242 -0.458905 -0.222833


-0.0712501 -0.513451 -0.113964
-0.162242 -0.458905 -0.222833
-0.189802 -0.558906 -0.0893472
-0.0712501 -0.513451 -0.113964


-0.0840888 -0.409497 -0.263848
-0.16753 -0.344279 -0.36019
-0.162242 -0.458905 -0.222833
-0.0840888 -0.409497 -0.263848


-0.0712501 -0.513451 -0.113964
-0.0840888 -0.409497 -0.263848
-0.162242 -0.458905 -0.222833
-0.0712501 -0.513451 -0.113964


-0.183013 -0.183013 -0.502922
-0.250971 -0.279061 -0.426824
-0.107122 -0.258903 -0.434429
-0.183013 -0.183013 -0.502922


-0.183013 -0.183013 -0.502922
-0.258903 -0.107122 -0.541107
-0.315535 -0.187163 -0.485011
-0.183013 -0.183013 -0.502922


-0.4288 -0.347243 -0.337558
-0.386889 -0.471157 -0.229967
-0.31893 -0.375109 -0.333893
-0.4288 -0.347243 -0.337558


0.114434 -0.364873 -0.226867
0.120548 -0.486574 -0.04874
0.236842 -0.410223 -0.0751497
0.114434 -0.364873 -0.226867


0.131579 -0.227901 -0.373078
0.114434 -0.364873 -0.226867
0.184211 -0.319062 -0.238274
0.131579 -0.227901 -0.373078


0.0446582 -0.410684 -0.206364
0.120548 -0.486574 -0.04874
0.114434 -0.364873 -0.226867
0.0446582 -0.410684 -0.206364


0.0501734 -0.281347 -0.360411
-0.0312321 -0.334793 -0.33541
0.0446582 -0.410684 -0.206364
0.0501734 -0.281347 -0.360411


0.131579 -0.227901 -0.373078
0.0501734 -0.281347 -0.360411
0.114434 -0.364873 -0.226867
0.131579 -0.227901 -0.373078


0.131579 -0.227901 -0.373078
0.0789474 -0.136741 -0.478619
0.0501734 -0.281347 -0.360411
0.131579 -0.227901 -0.373078


0.0259712 -0.528669 -0.0414719
-0.091259 -0.60278 0.0205463
0.00728413 -0.646654 0.151327
0.0259712 -0.528669 -0.0414719


-0.0312321 -0.334793 -0.33541
-0.0840888 -0.409497 -0.263848
0.0446582 -0.410684 -0.206364
-0.0312321 -0.334793 -0.33541


-0.240586 -0.417007 -0.288503
-0.16753 -0.344279 -0.36019
-0.250971 -0.279061 -0.426824
-0.240586 -0.417007 -0.288503


0.0446582 -0.410684 -0.206364
-0.0840888 -0.409497 -0.263848
-0.0712501 -0.513451 -0.113964
0.0446582 -0.410684 -0.206364


-0.0312321 -0.334793 -0.33541
-0.107122 -0.258903 -0.434429
-0.16753 -0.344279 -0.36019
-0.0312321 -0.334793 -0.33541


-0.16753 -0.344279 -0.36019
-0.0840888 -0.409497 -0.263848
-0.0312321 -0.334793 -0.33541
-0.16753 -0.344279 -0.36019


-0.250971 -0.279061 -0.426824
-0.16753 -0.344279 -0.36019
-0.107122 -0.258903 -0.434429
-0.250971 -0.279061 -0.426824


-0.250971 -0.279061 -0.426824
-0.31893 -0.375109 -0.333893
-0.240586 -0.417007 -0.288503
-0.250971 -0.279061 -0.426824


0.0259712 -0.528669 -0.0414719
0.00728413 -0.646654 0.151327
0.113188 -0.588551 0.116118
0.0259712 -0.528669 -0.0414719


0.00485609 -0.764436 0.377992
0.105827 -0.690528 0.299808
0.00728413 -0.646654 0.151327
0.00485609 -0.764436 0.377992


0.20437 -0.734403 0.463444
0.196439 -0.562464 0.134554
0.105827 -0.690528 0.299808
0.20437 -0.734403 0.463444


0.180404 -0.835036 0.646435
0.302914 -0.778277 0.638479
0.20437 -0.734403 0.463444
0.180404 -0.835036 0.646435


0.309017 -0.951057 0.978042
0.255413 -0.878212 0.794188
0.207912 -0.978148 0.951994
0.309017 -0.951057 0.978042


0.309017 -0.951057 0.978042
0.406737 -0.913545 0.99348
0.354825 -0.845911 0.819447
0.309017 -0.951057 0.978042


0.302914 -0.778277 0.638479
0.354825 -0.845911 0.819447
0.42411 -0.790135 0.782201
0.302914 -0.778277 0.638479


0.695606 0.0827392 -0.131496
0.597803 0.117784 -0.241506
0.586936 0.0169619 -0.196198
0.695606 0.0827392 -0.131496


0.673872 -0.0170188 -0.0785982
0.695606 0.0827392 -0.131496
0.586936 0.0169619 -0.196198
0.673872 -0.0170188 -0.0785982


0.874726 0.20344 -0.043578
0.91116 0.111439 -0.0030651
0.978148 0.207912 -9.96853e-33
0.874726 0.20344 -0.043578


0.725528 0.281865 -0.158505
0.785166 0.14309 -0.085921
0.838292 0.295441 -0.069254
0.725528 0.281865 -0.158505


0.785166 0.14309 -0.085921
0.91116 0.111439 -0.0030651
0.874726 0.20344 -0.043578
0.785166 0.14309 -0.085921


0.4 0.815083 -0.088058
0.3 0.866025 -0.0806205
0.275 0.789611 -0.165687
0.4 0.815083 -0.088058


0.406737 0.913545 -2.98287e-32
0.309017 0.951057 -3.00547e-32
0.3 0.866025 -0.0806205
0.406737 0.913545 -2.98287e-32


0.619537 0.497726 -0.185073
0.5 0.458484 -0.299033
0.599614 0.389301 -0.24714
0.619537 0.497726 -0.185073


0.3 0.866025 -0.0806205
0.2 0.866025 -0.110697
0.275 0.789611 -0.165687
0.3 0.866025 -0.0806205


0.4 0.815083 -0.088058
0.5 0.76414 -0.0810148
0.5 0.866025 -2.93762e-32
0.4 0.815083 -0.088058


0.3 0.866025 -0.0806205
0.4 0.815083 -0.088058
0.406737 0.913545 -2.98287e-32
0.3 0.866025 -0.0806205


0.35 0.713197 -0.207157
0.433333 0.730178 -0.147604
0.4 0.815083 -0.088058
0.35 0.713197 -0.207157


0.619537 0.497726 -0.185073
0.5 0.560369 -0.239126
0.5 0.458484 -0.299033
0.619537 0.497726 -0.185073


0.699228 0.455964 -0.139576
0.619537 0.497726 -0.185073
0.599614 0.389301 -0.24714
0.699228 0.455964 -0.139576


0.612764 0.268289 -0.256758
0.712378 0.368915 -0.157268
0.599614 0.389301 -0.24714
0.612764 0.268289 -0.256758


0.798842 0.454704 -0.0617881
0.739074 0.536969 -0.0716295
0.699228 0.455964 -0.139576
0.798842 0.454704 -0.0617881


0.679305 0.619233 -0.0700147
0.589653 0.640744 -0.119324
0.619537 0.497726 -0.185073
0.679305 0.619233 -0.0700147


0.743145 0.669131 -2.67666e-32
0.679305 0.619233 -0.0700147
0.739074 0.536969 -0.0716295
0.743145 0.669131 -2.67666e-32


0.743145 0.669131 -2.67666e-32
0.669131 0.743145 -2.80831e-32
0.679305 0.619233 -0.0700147
0.743145 0.669131 -2.67666e-32


0.588719 0.72488 -0.0592129
0.5 0.76414 -0.0810148
0.5 0.662255 -0.164115
0.588719 0.72488 -0.0592129


0.798842 0.454704 -0.0617881
0.818567 0.375073 -0.0708208
0.913545 0.406737 -2.11894e-32
0.798842 0.454704 -0.0617881


0.798842 0.454704 -0.0617881
0.913545 0.406737 -2.11894e-32
0.866025 0.5 -2.36383e-32
0.798842 0.454704 -0.0617881


0.809017 0.587785 -2.52748e-32
0.739074 0.536969 -0.0716295
0.866025 0.5 -2.36383e-32
0.809017 0.587785 -2.52748e-32


0.680423 0.215304 -0.193565
0.612764 0.268289 -0.256758
0.597803 0.117784 -0.241506
0.680423 0.215304 -0.193565


0.809017 0.587785 -2.52748e-32
0.743145 0.669131 -2.67666e-32
0.739074 0.536969 -0.0716295
0.809017 0.587785 -2.52748e-32


0.394737 -0.428991 0.105877
0.421053 -0.525514 0.293138
0.5 -0.458484 0.276524
0.394737 -0.428991 0.105877


0.5 -0.356599 0.119266
0.394737 -0.428991 0.105877
0.5 -0.458484 0.276524
0.5 -0.356599 0.119266


0.324561 -0.358386 -0.0699425
0.289474 -0.501383 0.113863
0.394737 -0.428991 0.105877
0.324561 -0.358386 -0.0699425


0.21664 -0.486343 0.024208
0.289474 -0.501383 0.113863
0.236842 -0.410223 -0.0751497
0.21664 -0.486343 0.024208


0.120548 -0.486574 -0.04874
0.21664 -0.486343 0.024208
0.236842 -0.410223 -0.0751497
0.120548 -0.486574 -0.04874


0.196439 -0.562464 0.134554
0.289474 -0.501383 0.113863
0.21664 -0.486343 0.024208
0.196439 -0.562464 0.134554


0.272329 -0.638355 0.339151
0.348219 -0.714245 0.558194
0.342105 -0.592544 0.324277
0.272329 -0.638355 0.339151


0.669131 -0.743145 0.977866
0.586936 -0.670764 0.753335
0.587785 -0.809017 0.993486
0.669131 -0.743145 0.977866


0.669131 -0.743145 0.977866
0.743145 -0.669131 0.951907
0.586936 -0.670764 0.753335
0.669131 -0.743145 0.977866


0.196439 -0.562464 0.134554
0.120548 -0.486574 -0.04874
0.113188 -0.588551 0.116118
0.196439 -0.562464 0.134554


0.272329 -0.638355 0.339151
0.196439 -0.562464 0.134554
0.20437 -0.734403 0.463444
0.272329 -0.638355 0.339151


0.302914 -0.778277 0.638479
0.348219 -0.714245 0.558194
0.272329 -0.638355 0.339151
0.302914 -0.778277 0.638479


0.105394 -0.79186 0.501598
0.180404 -0.835036 0.646435
0.20437 -0.734403 0.463444
0.105394 -0.79186 0.501598


0.105827 -0.690528 0.299808
0.105394 -0.79186 0.501598
0.20437 -0.734403 0.463444
0.105827 -0.690528 0.299808


0.104961 -0.893191 0.709956
-1.96005e-15 -1 0.862518
0.104528 -0.994522 0.913659
0.104961 -0.893191 0.709956


0.00485609 -0.764436 0.377992
0.00242804 -0.882218 0.620497
0.105394 -0.79186 0.501598
0.00485609 -0.764436 0.377992


0.00485609 -0.764436 0.377992
-0.0945764 -0.700715 0.194994
-0.0978938 -0.798651 0.386646
0.00485609 -0.764436 0.377992


0.354825 -0.845911 0.819447
0.406737 -0.913545 0.99348
0.42411 -0.790135 0.782201
0.354825 -0.845911 0.819447


0.255413 -0.878212 0.794188
0.354825 -0.845911 0.819447
0.302914 -0.778277 0.638479
0.255413 -0.878212 0.794188


0.255413 -0.878212 0.794188
0.309017 -0.951057 0.978042
0.354825 -0.845911 0.819447
0.255413 -0.878212 0.794188


0.342105 -0.592544 0.324277
0.421053 -0.525514 0.293138
0.289474 -0.501383 0.113863
0.342105 -0.592544 0.324277


0.272329 -0.638355 0.339151
0.342105 -0.592544 0.324277
0.289474 -0.501383 0.113863
0.272329 -0.638355 0.339151


0.42411 -0.68825 0.590067
0.42411 -0.790135 0.782201
0.5 -0.76414 0.816524
0.42411 -0.68825 0.590067


0.5 -0.560369 0.44827
0.422581 -0.606882 0.438267
0.5 -0.662255 0.630356
0.5 -0.560369 0.44827


0.348219 -0.714245 0.558194
0.42411 -0.790135 0.782201
0.42411 -0.68825 0.590067
0.348219 -0.714245 0.558194


0.236842 -0.410223 -0.0751497
0.184211 -0.319062 -0.238274
0.114434 -0.364873 -0.226867
0.236842 -0.410223 -0.0751497


0.272329 -0.638355 0.339151
0.289474 -0.501383 0.113863
0.196439 -0.562464 0.134554
0.272329 -0.638355 0.339151


0.289474 -0.501383 0.113863
0.421053 -0.525514 0.293138
0.394737 -0.428991 0.105877
0.289474 -0.501383 0.113863


0.866025 -0.5 0.862154
0.798842 -0.454704 0.692776
0.739074 -0.536969 0.734876
0.866025 -0.5 0.862154


0.21664 -0.486343 0.024208
0.120548 -0.486574 -0.04874
0.196439 -0.562464 0.134554
0.21664 -0.486343 0.024208


0.315789 -0.190365 -0.279601
0.412281 -0.30655 -0.0511588
0.407895 -0.171596 -0.214504
0.315789 -0.190365 -0.279601


0.586936 -0.466993 0.404343
0.5 -0.356599 0.119266
0.5 -0.458484 0.276524
0.586936 -0.466993 0.404343


0.5 -0.254713 -0.0200623
0.5 -0.152828 -0.138572
0.407895 -0.171596 -0.214504
0.5 -0.254713 -0.0200623


0.673872 -0.271732 0.226707
0.71734 -0.377872 0.448989
0.760808 -0.280242 0.364676
0.673872 -0.271732 0.226707


0.586936 -0.466993 0.404343
0.60867 -0.367235 0.276605
0.5 -0.356599 0.119266
0.586936 -0.466993 0.404343


0.586936 -0.466993 0.404343
0.673872 -0.475503 0.540497
0.60867 -0.367235 0.276605
0.586936 -0.466993 0.404343


0.236842 -0.410223 -0.0751497
0.324561 -0.358386 -0.0699425
0.184211 -0.319062 -0.238274
0.236842 -0.410223 -0.0751497


0.0501734 -0.281347 -0.360411
0.0789474 -0.136741 -0.478619
-0.0140875 -0.197822 -0.464739
0.0501734 -0.281347 -0.360411


-0.0522642 0.930274 -0.066906
-6.46396e-16 1 -3.11585e-32
-0.104528 0.994522 -3.09373e-32
-0.0522642 0.930274 -0.066906


0.132632 0.693357 -0.306891
0.209674 0.594944 -0.374935
0.26 0.703009 -0.257252
0.132632 0.693357 -0.306891


0.0526316 0.774865 -0.23453
0.132632 0.693357 -0.306891
0.18 0.784517 -0.201321
0.0526316 0.774865 -0.23453


0.00526316 0.683704 -0.333418
0.0398496 0.582074 -0.426549
0.132632 0.693357 -0.306891
0.00526316 0.683704 -0.333418


-0.131579 0.227901 -0.613701
-0.0263158 0.266332 -0.607584
-0.0864662 0.338979 -0.585106
-0.131579 0.227901 -0.613701


-0.131579 0.227901 -0.613701
-0.0789474 0.136741 -0.621693
-0.0263158 0.266332 -0.607584
-0.131579 0.227901 -0.613701


0.3 0.866025 -0.0806205
0.309017 0.951057 -3.00547e-32
0.2 0.866025 -0.110697
0.3 0.866025 -0.0806205


0.0501734 -0.281347 -0.360411
-0.0140875 -0.197822 -0.464739
-0.0312321 -0.334793 -0.33541
0.0501734 -0.281347 -0.360411


0.315789 -0.190365 -0.279601
0.407895 -0.171596 -0.214504
0.289474 -0.0938418 -0.386391
0.315789 -0.190365 -0.279601


0.223684 -0.183662 -0.357337
0.315789 -0.190365 -0.279601
0.289474 -0.0938418 -0.386391
0.223684 -0.183662 -0.357337


0.289474 -0.263651 -0.222383
0.412281 -0.30655 -0.0511588
0.315789 -0.190365 -0.279601
0.289474 -0.263651 -0.222383


0.00611413 -0.121701 -0.51594
-0.0785481 -0.0306174 -0.582714
-0.13078 -0.106815 -0.549383
0.00611413 -0.121701 -0.51594


0.0789474 -0.136741 -0.478619
0.00611413 -0.121701 -0.51594
-0.0140875 -0.197822 -0.464739
0.0789474 -0.136741 -0.478619


0.0263158 -0.0455803 -0.55488
-0.0785481 -0.0306174 -0.582714
0.00611413 -0.121701 -0.51594
0.0263158 -0.0455803 -0.55488


-0.0140875 -0.197822 -0.464739
-0.13078 -0.106815 -0.549383
-0.107122 -0.258903 -0.434429
-0.0140875 -0.197822 -0.464739


-0.0312321 -0.334793 -0.33541
-0.0140875 -0.197822 -0.464739
-0.107122 -0.258903 -0.434429
-0.0312321 -0.334793 -0.33541


0.0789474 -0.136741 -0.478619
0.0263158 -0.0455803 -0.55488
0.00611413 -0.121701 -0.51594
0.0789474 -0.136741 -0.478619


0.0263158 -0.0455803 -0.55488
-0.0263158 0.0455803 -0.602347
-0.0785481 -0.0306174 -0.582714
0.0263158 -0.0455803 -0.55488


0.405263 0.113146 -0.409599
0.5 0.0509427 -0.301727
0.5 0.152828 -0.341935
0.405263 0.113146 -0.409599


0.215789 0.033783 -0.51011
0.184211 -0.115291 -0.440769
0.289474 -0.0938418 -0.386391
0.215789 0.033783 -0.51011


0.289474 0.17106 -0.503345
0.213158 0.114755 -0.537287
0.310526 0.0734647 -0.466322
0.289474 0.17106 -0.503345


0.0789474 0.0874069 -0.587714
0.0175439 0.156403 -0.612277
-0.0263158 0.0455803 -0.602347
0.0789474 0.0874069 -0.587714


0.215789 0.033783 -0.51011
0.0789474 0.0874069 -0.587714
0.121053 -0.00589863 -0.539817
0.215789 0.033783 -0.51011


0.114035 0.176065 -0.587624
0.0175439 0.156403 -0.612277
0.0789474 0.0874069 -0.587714
0.114035 0.176065 -0.587624


0.394737 -0.0723922 -0.316525
0.5 -0.0509427 -0.233383
0.405263 0.0316381 -0.375443
0.394737 -0.0723922 -0.316525


0.394737 0.212887 -0.435621
0.5 0.152828 -0.341935
0.5 0.254713 -0.353716
0.394737 0.212887 -0.435621


0.289474 0.17106 -0.503345
0.310526 0.0734647 -0.466322
0.405263 0.113146 -0.409599
0.289474 0.17106 -0.503345


0.307018 0.283313 -0.490169
0.289474 0.17106 -0.503345
0.394737 0.212887 -0.435621
0.307018 0.283313 -0.490169


0.210526 0.195727 -0.548345
0.213158 0.114755 -0.537287
0.289474 0.17106 -0.503345
0.210526 0.195727 -0.548345


0.405263 0.0316381 -0.375443
0.5 0.0509427 -0.301727
0.405263 0.113146 -0.409599
0.405263 0.0316381 -0.375443


0.394737 -0.0723922 -0.316525
0.407895 -0.171596 -0.214504
0.5 -0.152828 -0.138572
0.394737 -0.0723922 -0.316525


0.310526 0.0734647 -0.466322
0.3 -0.0101885 -0.434552
0.405263 0.0316381 -0.375443
0.310526 0.0734647 -0.466322


0.3 -0.0101885 -0.434552
0.289474 -0.0938418 -0.386391
0.394737 -0.0723922 -0.316525
0.3 -0.0101885 -0.434552


0.405263 0.0316381 -0.375443
0.3 -0.0101885 -0.434552
0.394737 -0.0723922 -0.316525
0.405263 0.0316381 -0.375443


0.310526 0.0734647 -0.466322
0.215789 0.033783 -0.51011
0.3 -0.0101885 -0.434552
0.310526 0.0734647 -0.466322


0.405263 0.113146 -0.409599
0.310526 0.0734647 -0.466322
0.405263 0.0316381 -0.375443
0.405263 0.113146 -0.409599


0.213158 0.114755 -0.537287
0.114035 0.176065 -0.587624
0.0789474 0.0874069 -0.587714
0.213158 0.114755 -0.537287


0.310526 0.0734647 -0.466322
0.213158 0.114755 -0.537287
0.215789 0.033783 -0.51011
0.310526 0.0734647 -0.466322


0.210526 0.195727 -0.548345
0.114035 0.176065 -0.587624
0.213158 0.114755 -0.537287
0.210526 0.195727 -0.548345


0.223684 -0.183662 -0.357337
0.131579 -0.227901 -0.373078
0.184211 -0.319062 -0.238274
0.223684 -0.183662 -0.357337


0.315789 -0.190365 -0.279601
0.223684 -0.183662 -0.357337
0.289474 -0.263651 -0.222383
0.315789 -0.190365 -0.279601


0.184211 -0.115291 -0.440769
0.131579 -0.227901 -0.373078
0.223684 -0.183662 -0.357337
0.184211 -0.115291 -0.440769


0.289474 -0.0938418 -0.386391
0.184211 -0.115291 -0.440769
0.223684 -0.183662 -0.357337
0.289474 -0.0938418 -0.386391


0.586936 0.0169619 -0.196198
0.5 -0.0509427 -0.233383
0.637649 -0.0898872 -0.0480295
0.586936 0.0169619 -0.196198


-0.13078 -0.106815 -0.549383
-0.198918 -0.0258347 -0.583996
-0.258903 -0.107122 -0.541107
-0.13078 -0.106815 -0.549383


-0.250971 -0.279061 -0.426824
-0.315535 -0.187163 -0.485011
-0.372167 -0.267203 -0.416343
-0.250971 -0.279061 -0.426824


-0.101211 -0.896586 0.590202
-0.104528 -0.994522 0.79499
-1.96005e-15 -1 0.862518
-0.101211 -0.896586 0.590202


-0.0978938 -0.798651 0.386646
-0.101211 -0.896586 0.590202
0.00242804 -0.882218 0.620497
-0.0978938 -0.798651 0.386646


-0.0978938 -0.798651 0.386646
-0.0945764 -0.700715 0.194994
-0.183151 -0.725521 0.195854
-0.0978938 -0.798651 0.386646


0.113188 -0.588551 0.116118
0.00728413 -0.646654 0.151327
0.105827 -0.690528 0.299808
0.113188 -0.588551 0.116118


0.196439 -0.562464 0.134554
0.113188 -0.588551 0.116118
0.105827 -0.690528 0.299808
0.196439 -0.562464 0.134554


0.0259712 -0.528669 -0.0414719
-0.0712501 -0.513451 -0.113964
-0.091259 -0.60278 0.0205463
0.0259712 -0.528669 -0.0414719


0.120548 -0.486574 -0.04874
0.0259712 -0.528669 -0.0414719
0.113188 -0.588551 0.116118
0.120548 -0.486574 -0.04874


0.120548 -0.486574 -0.04874
0.0446582 -0.410684 -0.206364
0.0259712 -0.528669 -0.0414719
0.120548 -0.486574 -0.04874


-0.361959 -0.8241 0.264878
-0.438982 -0.747077 0.0738659
-0.5 -0.866025 1.81747e-31
-0.361959 -0.8241 0.264878


-0.207912 -0.978148 0.70716
-0.178749 -0.884306 0.520366
-0.267127 -0.884186 0.466838
-0.207912 -0.978148 0.70716


-0.247188 -0.647304 0.0288638
-0.189802 -0.558906 -0.0893472
-0.288345 -0.515031 -0.17443
-0.247188 -0.647304 0.0288638


-0.364232 -0.566705 -0.119533
-0.247188 -0.647304 0.0288638
-0.288345 -0.515031 -0.17443
-0.364232 -0.566705 -0.119533


-0.386889 -0.471157 -0.229967
-0.364232 -0.566705 -0.119533
-0.288345 -0.515031 -0.17443
-0.386889 -0.471157 -0.229967


-0.440119 -0.618379 -0.0701221
-0.355922 -0.684353 0.0404614
-0.364232 -0.566705 -0.119533
-0.440119 -0.618379 -0.0701221


-0.183151 -0.725521 0.195854
-0.0945764 -0.700715 0.194994
-0.091259 -0.60278 0.0205463
-0.183151 -0.725521 0.195854


-0.271726 -0.750327 0.194402
-0.183151 -0.725521 0.195854
-0.247188 -0.647304 0.0288638
-0.271726 -0.750327 0.194402


-0.271726 -0.750327 0.194402
-0.225237 -0.817316 0.352312
-0.183151 -0.725521 0.195854
-0.271726 -0.750327 0.194402


0.739074 0.536969 -0.0716295
0.679305 0.619233 -0.0700147
0.619537 0.497726 -0.185073
0.739074 0.536969 -0.0716295


0.866025 0.5 -2.36383e-32
0.739074 0.536969 -0.0716295
0.798842 0.454704 -0.0617881
0.866025 0.5 -2.36383e-32


0.588719 0.72488 -0.0592129
0.669131 0.743145 -2.80831e-32
0.587785 0.809017 -2.88517e-32
0.588719 0.72488 -0.0592129


0.5 0.76414 -0.0810148
0.588719 0.72488 -0.0592129
0.587785 0.809017 -2.88517e-32
0.5 0.76414 -0.0810148


0.589653 0.640744 -0.119324
0.669131 0.743145 -2.80831e-32
0.588719 0.72488 -0.0592129
0.589653 0.640744 -0.119324


0.743145 -0.669131 0.951907
0.809017 -0.587785 0.913504
0.739074 -0.536969 0.734876
0.743145 -0.669131 0.951907


0.739074 -0.536969 0.734876
0.630404 -0.573133 0.641781
0.743145 -0.669131 0.951907
0.739074 -0.536969 0.734876


0.866025 -0.5 0.862154
0.739074 -0.536969 0.734876
0.809017 -0.587785 0.913504
0.866025 -0.5 0.862154


0.586936 -0.466993 0.404343
0.5 -0.458484 0.276524
0.5 -0.560369 0.44827
0.586936 -0.466993 0.404343


0.673872 -0.475503 0.540497
0.586936 -0.466993 0.404343
0.630404 -0.573133 0.641781
0.673872 -0.475503 0.540497


0.673872 -0.475503 0.540497
0.71734 -0.377872 0.448989
0.60867 -0.367235 0.276605
0.673872 -0.475503 0.540497


0.798842 -0.454704 0.692776
0.673872 -0.475503 0.540497
0.739074 -0.536969 0.734876
0.798842 -0.454704 0.692776


0.798842 -0.454704 0.692776
0.71734 -0.377872 0.448989
0.673872 -0.475503 0.540497
0.798842 -0.454704 0.692776


0.877666 -0.245814 0.489634
0.951057 -0.309017 0.706829
0.978148 -0.207912 0.589557
0.877666 -0.245814 0.489634


0.912946 -0.146446 0.375651
0.877666 -0.245814 0.489634
0.978148 -0.207912 0.589557
0.912946 -0.146446 0.375651


0.994522 -0.104528 0.4213
0.912946 -0.146446 0.375651
0.978148 -0.207912 0.589557
0.994522 -0.104528 0.4213


0.847744 -0.0849802 0.188065
0.804276 -0.182611 0.281518
0.912946 -0.146446 0.375651
0.847744 -0.0849802 0.188065


0.804276 -0.182611 0.281518
0.760808 -0.280242 0.364676
0.877666 -0.245814 0.489634
0.804276 -0.182611 0.281518


0.798842 -0.454704 0.692776
0.866025 -0.5 0.862154
0.913545 -0.406737 0.794735
0.798842 -0.454704 0.692776


0.951057 -0.309017 0.706829
0.877666 -0.245814 0.489634
0.837177 -0.343489 0.579099
0.951057 -0.309017 0.706829


0.630404 -0.573133 0.641781
0.586936 -0.670764 0.753335
0.743145 -0.669131 0.951907
0.630404 -0.573133 0.641781


0.673872 -0.475503 0.540497
0.630404 -0.573133 0.641781
0.739074 -0.536969 0.734876
0.673872 -0.475503 0.540497


0.586936 -0.466993 0.404343
0.5 -0.560369 0.44827
0.630404 -0.573133 0.641781
0.586936 -0.466993 0.404343


0.837177 -0.343489 0.579099
0.798842 -0.454704 0.692776
0.913545 -0.406737 0.794735
0.837177 -0.343489 0.579099


0.837177 -0.343489 0.579099
0.71734 -0.377872 0.448989
0.798842 -0.454704 0.692776
0.837177 -0.343489 0.579099


0.70285 -0.172683 0.130179
0.760808 -0.280242 0.364676
0.804276 -0.182611 0.281518
0.70285 -0.172683 0.130179


0.637649 -0.0898872 -0.0480295
0.673872 -0.0170188 -0.0785982
0.586936 0.0169619 -0.196198
0.637649 -0.0898872 -0.0480295


0.70285 -0.172683 0.130179
0.637649 -0.0898872 -0.0480295
0.601425 -0.162756 -0.0104382
0.70285 -0.172683 0.130179


0.731829 -0.0736344 0.0431801
0.673872 -0.0170188 -0.0785982
0.637649 -0.0898872 -0.0480295
0.731829 -0.0736344 0.0431801


0.804276 -0.182611 0.281518
0.731829 -0.0736344 0.0431801
0.70285 -0.172683 0.130179
0.804276 -0.182611 0.281518


0.847744 -0.0849802 0.188065
0.793409 0.0476948 -0.020231
0.731829 -0.0736344 0.0431801
0.847744 -0.0849802 0.188065


0.5 -0.152828 -0.138572
0.5 -0.254713 -0.0200623
0.601425 -0.162756 -0.0104382
0.5 -0.152828 -0.138572


0.586936 -0.263223 0.09801
0.5 -0.254713 -0.0200623
0.5 -0.356599 0.119266
0.586936 -0.263223 0.09801


0.673872 -0.271732 0.226707
0.586936 -0.263223 0.09801
0.60867 -0.367235 0.276605
0.673872 -0.271732 0.226707


0.673872 -0.271732 0.226707
0.601425 -0.162756 -0.0104382
0.586936 -0.263223 0.09801
0.673872 -0.271732 0.226707


0.586936 -0.263223 0.09801
0.5 -0.356599 0.119266
0.60867 -0.367235 0.276605
0.586936 -0.263223 0.09801


0.793409 0.0476948 -0.020231
0.847744 -0.0849802 0.188065
0.891212 0.0126504 0.0790419
0.793409 0.0476948 -0.020231


0.5 -0.0509427 -0.233383
0.601425 -0.162756 -0.0104382
0.637649 -0.0898872 -0.0480295
0.5 -0.0509427 -0.233383


0.731829 -0.0736344 0.0431801
0.804276 -0.182611 0.281518
0.847744 -0.0849802 0.188065
0.731829 -0.0736344 0.0431801


0.637649 -0.0898872 -0.0480295
0.70285 -0.172683 0.130179
0.731829 -0.0736344 0.0431801
0.637649 -0.0898872 -0.0480295


0.601425 -0.162756 -0.0104382
0.5 -0.254713 -0.0200623
0.586936 -0.263223 0.09801
0.601425 -0.162756 -0.0104382


0.837177 -0.343489 0.579099
0.877666 -0.245814 0.489634
0.760808 -0.280242 0.364676
0.837177 -0.343489 0.579099


0.71734 -0.377872 0.448989
0.837177 -0.343489 0.579099
0.760808 -0.280242 0.364676
0.71734 -0.377872 0.448989


0.913545 -0.406737 0.794735
0.951057 -0.309017 0.706829
0.837177 -0.343489 0.579099
0.913545 -0.406737 0.794735


0.877666 -0.245814 0.489634
0.912946 -0.146446 0.375651
0.804276 -0.182611 0.281518
0.877666 -0.245814 0.489634


0.289474 -0.0938418 -0.386391
0.407895 -0.171596 -0.214504
0.394737 -0.0723922 -0.316525
0.289474 -0.0938418 -0.386391


0.324561 -0.358386 -0.0699425
0.289474 -0.263651 -0.222383
0.184211 -0.319062 -0.238274
0.324561 -0.358386 -0.0699425


0.412281 -0.30655 -0.0511588
0.5 -0.254713 -0.0200623
0.407895 -0.171596 -0.214504
0.412281 -0.30655 -0.0511588


0.324561 -0.358386 -0.0699425
0.412281 -0.30655 -0.0511588
0.289474 -0.263651 -0.222383
0.324561 -0.358386 -0.0699425


0.324561 -0.358386 -0.0699425
0.394737 -0.428991 0.105877
0.412281 -0.30655 -0.0511588
0.324561 -0.358386 -0.0699425


0.289474 -0.501383 0.113863
0.324561 -0.358386 -0.0699425
0.236842 -0.410223 -0.0751497
0.289474 -0.501383 0.113863


0.5 -0.356599 0.119266
0.5 -0.254713 -0.0200623
0.412281 -0.30655 -0.0511588
0.5 -0.356599 0.119266


0.994522 0.104528 7.7714e-33
0.891212 0.0126504 0.0790419
1 -2.44929e-16 1.86973e-31
0.994522 0.104528 7.7714e-33


0.586936 0.0169619 -0.196198
0.5 0.0509427 -0.301727
0.5 -0.0509427 -0.233383
0.586936 0.0169619 -0.196198


0.793409 0.0476948 -0.020231
0.695606 0.0827392 -0.131496
0.673872 -0.0170188 -0.0785982
0.793409 0.0476948 -0.020231


0.597803 0.117784 -0.241506
0.5 0.0509427 -0.301727
0.586936 0.0169619 -0.196198
0.597803 0.117784 -0.241506


0.91116 0.111439 -0.0030651
0.994522 0.104528 7.7714e-33
0.978148 0.207912 -9.96853e-33
0.91116 0.111439 -0.0030651


0.951057 0.309017 -1.7084e-32
0.874726 0.20344 -0.043578
0.978148 0.207912 -9.96853e-33
0.951057 0.309017 -1.7084e-32


0.793409 0.0476948 -0.020231
0.891212 0.0126504 0.0790419
0.91116 0.111439 -0.0030651
0.793409 0.0476948 -0.020231


0.818567 0.375073 -0.0708208
0.838292 0.295441 -0.069254
0.913545 0.406737 -2.11894e-32
0.818567 0.375073 -0.0708208


0.699228 0.455964 -0.139576
0.712378 0.368915 -0.157268
0.798842 0.454704 -0.0617881
0.699228 0.455964 -0.139576


0.725528 0.281865 -0.158505
0.838292 0.295441 -0.069254
0.818567 0.375073 -0.0708208
0.725528 0.281865 -0.158505


0.612764 0.268289 -0.256758
0.680423 0.215304 -0.193565
0.725528 0.281865 -0.158505
0.612764 0.268289 -0.256758


0.5 0.356599 -0.338549
0.612764 0.268289 -0.256758
0.599614 0.389301 -0.24714
0.5 0.356599 -0.338549


0.5 0.254713 -0.353716
0.5 0.152828 -0.341935
0.612764 0.268289 -0.256758
0.5 0.254713 -0.353716


0.91116 0.111439 -0.0030651
0.785166 0.14309 -0.085921
0.793409 0.0476948 -0.020231
0.91116 0.111439 -0.0030651


0.712378 0.368915 -0.157268
0.612764 0.268289 -0.256758
0.725528 0.281865 -0.158505
0.712378 0.368915 -0.157268


0.597803 0.117784 -0.241506
0.695606 0.0827392 -0.131496
0.680423 0.215304 -0.193565
0.597803 0.117784 -0.241506


0.847744 -0.0849802 0.188065
0.994522 -0.104528 0.4213
0.891212 0.0126504 0.0790419
0.847744 -0.0849802 0.188065


0.891212 0.0126504 0.0790419
0.994522 -0.104528 0.4213
1 -2.44929e-16 1.86973e-31
0.891212 0.0126504 0.0790419


0.793409 0.0476948 -0.020231
0.673872 -0.0170188 -0.0785982
0.731829 -0.0736344 0.0431801
0.793409 0.0476948 -0.020231


0.994522 0.104528 7.7714e-33
0.91116 0.111439 -0.0030651
0.891212 0.0126504 0.0790419
0.994522 0.104528 7.7714e-33


0.874726 0.20344 -0.043578
0.951057 0.309017 -1.7084e-32
0.838292 0.295441 -0.069254
0.874726 0.20344 -0.043578


0.184211 -0.115291 -0.440769
0.121053 -0.00589863 -0.539817
0.0789474 -0.136741 -0.478619
0.184211 -0.115291 -0.440769


0.131579 -0.227901 -0.373078
0.184211 -0.115291 -0.440769
0.0789474 -0.136741 -0.478619
0.131579 -0.227901 -0.373078


0.289474 -0.0938418 -0.386391
0.3 -0.0101885 -0.434552
0.215789 0.033783 -0.51011
0.289474 -0.0938418 -0.386391


0.5 -0.152828 -0.138572
0.601425 -0.162756 -0.0104382
0.5 -0.0509427 -0.233383
0.5 -0.152828 -0.138572


0.394737 -0.0723922 -0.316525
0.5 -0.152828 -0.138572
0.5 -0.0509427 -0.233383
0.394737 -0.0723922 -0.316525


0.5 0.0509427 -0.301727
0.405263 0.0316381 -0.375443
0.5 -0.0509427 -0.233383
0.5 0.0509427 -0.301727


0.223684 -0.183662 -0.357337
0.184211 -0.319062 -0.238274
0.289474 -0.263651 -0.222383
0.223684 -0.183662 -0.357337


0.673872 -0.271732 0.226707
0.60867 -0.367235 0.276605
0.71734 -0.377872 0.448989
0.673872 -0.271732 0.226707


0.70285 -0.172683 0.130179
0.673872 -0.271732 0.226707
0.760808 -0.280242 0.364676
0.70285 -0.172683 0.130179


0.70285 -0.172683 0.130179
0.601425 -0.162756 -0.0104382
0.673872 -0.271732 0.226707
0.70285 -0.172683 0.130179


0.912946 -0.146446 0.375651
0.994522 -0.104528 0.4213
0.847744 -0.0849802 0.188065
0.912946 -0.146446 0.375651


0.597803 0.117784 -0.241506
0.5 0.152828 -0.341935
0.5 0.0509427 -0.301727
0.597803 0.117784 -0.241506


0.785166 0.14309 -0.085921
0.874726 0.20344 -0.043578
0.838292 0.295441 -0.069254
0.785166 0.14309 -0.085921


0.695606 0.0827392 -0.131496
0.785166 0.14309 -0.085921
0.680423 0.215304 -0.193565
0.695606 0.0827392 -0.131496


0.695606 0.0827392 -0.131496
0.793409 0.0476948 -0.020231
0.785166 0.14309 -0.085921
0.695606 0.0827392 -0.131496


0.612764 0.268289 -0.256758
0.5 0.152828 -0.341935
0.597803 0.117784 -0.241506
0.612764 0.268289 -0.256758


0.0522642 0.930274 -0.0665092
-1.02445e-09 0.866025 -0.13725
0.1 0.866025 -0.130153
0.0522642 0.930274 -0.0665092


-6.46396e-16 1 -3.11585e-32
0.0522642 0.930274 -0.0665092
0.104528 0.994522 -3.0581e-32
-6.46396e-16 1 -3.11585e-32


-6.46396e-16 1 -3.11585e-32
-0.0522642 0.930274 -0.066906
0.0522642 0.930274 -0.0665092
-6.46396e-16 1 -3.11585e-32


0.207912 0.978148 -3.0182e-32
0.104528 0.994522 -3.0581e-32
0.1 0.866025 -0.130153
0.207912 0.978148 -3.0182e-32


-0.342105 0.592544 -0.337525
-0.217105 0.592544 -0.389749
-0.194737 0.683704 -0.308831
-0.342105 0.592544 -0.337525


0.104528 0.994522 -3.0581e-32
0.0522642 0.930274 -0.0665092
0.1 0.866025 -0.130153
0.104528 0.994522 -3.0581e-32


-0.104528 0.994522 -3.09373e-32
-0.207912 0.978148 -3.08925e-32
-0.1 0.866025 -0.131741
-0.104528 0.994522 -3.09373e-32


-0.309017 0.951057 -3.11578e-32
-0.3 0.866025 -0.0836545
-0.2 0.866025 -0.113479
-0.309017 0.951057 -3.11578e-32


-0.309017 0.951057 -3.11578e-32
-0.2 0.866025 -0.113479
-0.207912 0.978148 -3.08925e-32
-0.309017 0.951057 -3.11578e-32


0.0526316 0.774865 -0.23453
0.1 0.866025 -0.130153
-1.02445e-09 0.866025 -0.13725
0.0526316 0.774865 -0.23453


0.394737 0.420054 -0.392726
0.403509 0.319956 -0.420216
0.5 0.356599 -0.338549
0.394737 0.420054 -0.392726


0.5 0.560369 -0.239126
0.42 0.539992 -0.30781
0.5 0.458484 -0.299033
0.5 0.560369 -0.239126


0.289474 0.381623 -0.472884
0.403509 0.319956 -0.420216
0.394737 0.420054 -0.392726
0.289474 0.381623 -0.472884


0.34 0.621501 -0.293537
0.263008 0.540605 -0.395615
0.328872 0.480329 -0.40187
0.34 0.621501 -0.293537


0.425 0.636783 -0.232134
0.34 0.621501 -0.293537
0.42 0.539992 -0.30781
0.425 0.636783 -0.232134


0.35 0.713197 -0.207157
0.275 0.789611 -0.165687
0.26 0.703009 -0.257252
0.35 0.713197 -0.207157


0.184211 0.343193 -0.536425
0.307018 0.283313 -0.490169
0.289474 0.381623 -0.472884
0.184211 0.343193 -0.536425


0.210526 0.195727 -0.548345
0.307018 0.283313 -0.490169
0.184211 0.343193 -0.536425
0.210526 0.195727 -0.548345


0.394737 0.212887 -0.435621
0.289474 0.17106 -0.503345
0.405263 0.113146 -0.409599
0.394737 0.212887 -0.435621


0.275 0.789611 -0.165687
0.2 0.866025 -0.110697
0.18 0.784517 -0.201321
0.275 0.789611 -0.165687


0.207912 0.978148 -3.0182e-32
0.1 0.866025 -0.130153
0.2 0.866025 -0.110697
0.207912 0.978148 -3.0182e-32


-0.442365 0.61169 -0.262269
-0.394737 0.683704 -0.224319
-0.486201 0.703518 -0.151082
-0.442365 0.61169 -0.262269


-0.627009 0.673988 -0.0793411
-0.542625 0.630837 -0.176498
-0.486201 0.703518 -0.151082
-0.627009 0.673988 -0.0793411


-0.416168 0.51249 -0.36139
-0.342105 0.592544 -0.337525
-0.442365 0.61169 -0.262269
-0.416168 0.51249 -0.36139


-0.0473684 0.774865 -0.236515
-0.1 0.866025 -0.131741
-0.180702 0.774865 -0.216614
-0.0473684 0.774865 -0.236515


-0.329825 0.744478 -0.196563
-0.3 0.866025 -0.0836545
-0.373684 0.820445 -0.10003
-0.329825 0.744478 -0.196563


-0.342105 0.592544 -0.337525
-0.329825 0.744478 -0.196563
-0.394737 0.683704 -0.224319
-0.342105 0.592544 -0.337525


-0.180702 0.774865 -0.216614
-0.3 0.866025 -0.0836545
-0.329825 0.744478 -0.196563
-0.180702 0.774865 -0.216614


-0.180702 0.774865 -0.216614
-0.2 0.866025 -0.113479
-0.3 0.866025 -0.0836545
-0.180702 0.774865 -0.216614


-0.194737 0.683704 -0.308831
-0.102105 0.592544 -0.415682
-0.0947368 0.683704 -0.329012
-0.194737 0.683704 -0.308831


-0.289474 0.501383 -0.438095
-0.217105 0.592544 -0.389749
-0.342105 0.592544 -0.337525
-0.289474 0.501383 -0.438095


-0.289474 0.501383 -0.438095
-0.236842 0.410223 -0.520004
-0.169474 0.501383 -0.478476
-0.289474 0.501383 -0.438095


-0.1 0.866025 -0.131741
-0.2 0.866025 -0.113479
-0.180702 0.774865 -0.216614
-0.1 0.866025 -0.131741


-0.1 0.866025 -0.131741
-0.207912 0.978148 -3.08925e-32
-0.2 0.866025 -0.113479
-0.1 0.866025 -0.131741


-0.217105 0.592544 -0.389749
-0.289474 0.501383 -0.438095
-0.169474 0.501383 -0.478476
-0.217105 0.592544 -0.389749


-0.0522642 0.930274 -0.066906
-0.104528 0.994522 -3.09373e-32
-0.1 0.866025 -0.131741
-0.0522642 0.930274 -0.066906


-1.02445e-09 0.866025 -0.13725
-0.0522642 0.930274 -0.066906
-0.1 0.866025 -0.131741
-1.02445e-09 0.866025 -0.13725


-1.02445e-09 0.866025 -0.13725
0.0522642 0.930274 -0.0665092
-0.0522642 0.930274 -0.066906
-1.02445e-09 0.866025 -0.13725


-0.587785 0.809017 -3.12624e-32
-0.447368 0.774865 -0.107399
-0.5 0.866025 -3.11187e-32
-0.587785 0.809017 -3.12624e-32


-0.516427 0.531637 -0.276536
-0.49023 0.432436 -0.36649
-0.416168 0.51249 -0.36139
-0.516427 0.531637 -0.276536


-0.638068 0.596499 -0.130333
-0.596894 0.508684 -0.228866
-0.542625 0.630837 -0.176498
-0.638068 0.596499 -0.130333


-0.638068 0.596499 -0.130333
-0.677361 0.48573 -0.173776
-0.596894 0.508684 -0.228866
-0.638068 0.596499 -0.130333


-0.447368 0.774865 -0.107399
-0.373684 0.820445 -0.10003
-0.5 0.866025 -3.11187e-32
-0.447368 0.774865 -0.107399


-0.373684 0.820445 -0.10003
-0.3 0.866025 -0.0836545
-0.406737 0.913545 -3.1254e-32
-0.373684 0.820445 -0.10003


-0.5 0.866025 -3.11187e-32
-0.373684 0.820445 -0.10003
-0.406737 0.913545 -3.1254e-32
-0.5 0.866025 -3.11187e-32


-0.447368 0.774865 -0.107399
-0.329825 0.744478 -0.196563
-0.373684 0.820445 -0.10003
-0.447368 0.774865 -0.107399


-0.669131 0.743145 -3.09866e-32
-0.627009 0.673988 -0.0793411
-0.587785 0.809017 -3.12624e-32
-0.669131 0.743145 -3.09866e-32


-0.394737 0.683704 -0.224319
-0.329825 0.744478 -0.196563
-0.447368 0.774865 -0.107399
-0.394737 0.683704 -0.224319


-0.198918 -0.0258347 -0.583996
-0.13078 -0.106815 -0.549383
-0.0785481 -0.0306174 -0.582714
-0.198918 -0.0258347 -0.583996


0.0263158 -0.0455803 -0.55488
0.0789474 0.0874069 -0.587714
-0.0263158 0.0455803 -0.602347
0.0263158 -0.0455803 -0.55488


-0.309017 0.951057 -3.11578e-32
-0.406737 0.913545 -3.1254e-32
-0.3 0.866025 -0.0836545
-0.309017 0.951057 -3.11578e-32


0.2 0.866025 -0.110697
0.309017 0.951057 -3.00547e-32
0.207912 0.978148 -3.0182e-32
0.2 0.866025 -0.110697


0.109023 0.378814 -0.547524
0.0112782 0.358897 -0.574356
0.0789474 0.304762 -0.581647
0.109023 0.378814 -0.547524


0.224411 0.434251 -0.480269
0.263008 0.540605 -0.395615
0.159348 0.486879 -0.473536
0.224411 0.434251 -0.480269


0.0744361 0.480444 -0.499174
0.0398496 0.582074 -0.426549
-0.0894737 0.501383 -0.491746
0.0744361 0.480444 -0.499174


0.0112782 0.358897 -0.574356
0.0744361 0.480444 -0.499174
-0.0390977 0.43014 -0.54127
0.0112782 0.358897 -0.574356


0.159348 0.486879 -0.473536
0.124762 0.588509 -0.406233
0.0744361 0.480444 -0.499174
0.159348 0.486879 -0.473536


0.5 0.76414 -0.0810148
0.587785 0.809017 -2.88517e-32
0.5 0.866025 -2.93762e-32
0.5 0.76414 -0.0810148


0.406737 0.913545 -2.98287e-32
0.4 0.815083 -0.088058
0.5 0.866025 -2.93762e-32
0.406737 0.913545 -2.98287e-32


0.5 0.662255 -0.164115
0.589653 0.640744 -0.119324
0.588719 0.72488 -0.0592129
0.5 0.662255 -0.164115


0.4 0.815083 -0.088058
0.275 0.789611 -0.165687
0.35 0.713197 -0.207157
0.4 0.815083 -0.088058


0.589653 0.640744 -0.119324
0.679305 0.619233 -0.0700147
0.669131 0.743145 -2.80831e-32
0.589653 0.640744 -0.119324


0.5 0.560369 -0.239126
0.589653 0.640744 -0.119324
0.5 0.662255 -0.164115
0.5 0.560369 -0.239126


0.5 0.560369 -0.239126
0.619537 0.497726 -0.185073
0.589653 0.640744 -0.119324
0.5 0.560369 -0.239126


-0.1 0.866025 -0.131741
-0.0473684 0.774865 -0.236515
-1.02445e-09 0.866025 -0.13725
-0.1 0.866025 -0.131741


0.619537 0.497726 -0.185073
0.699228 0.455964 -0.139576
0.739074 0.536969 -0.0716295
0.619537 0.497726 -0.185073


0.5 0.356599 -0.338549
0.599614 0.389301 -0.24714
0.5 0.458484 -0.299033
0.5 0.356599 -0.338549


0.5 0.356599 -0.338549
0.5 0.254713 -0.353716
0.612764 0.268289 -0.256758
0.5 0.356599 -0.338549


0.18 0.784517 -0.201321
0.2 0.866025 -0.110697
0.1 0.866025 -0.130153
0.18 0.784517 -0.201321


0.328872 0.480329 -0.40187
0.394737 0.420054 -0.392726
0.42 0.539992 -0.30781
0.328872 0.480329 -0.40187


0.34 0.621501 -0.293537
0.328872 0.480329 -0.40187
0.42 0.539992 -0.30781
0.34 0.621501 -0.293537


0.263008 0.540605 -0.395615
0.224411 0.434251 -0.480269
0.328872 0.480329 -0.40187
0.263008 0.540605 -0.395615


0.433333 0.730178 -0.147604
0.425 0.636783 -0.232134
0.5 0.662255 -0.164115
0.433333 0.730178 -0.147604


0.4 0.815083 -0.088058
0.433333 0.730178 -0.147604
0.5 0.76414 -0.0810148
0.4 0.815083 -0.088058


0.35 0.713197 -0.207157
0.425 0.636783 -0.232134
0.433333 0.730178 -0.147604
0.35 0.713197 -0.207157


0.26 0.703009 -0.257252
0.34 0.621501 -0.293537
0.35 0.713197 -0.207157
0.26 0.703009 -0.257252


0.18 0.784517 -0.201321
0.26 0.703009 -0.257252
0.275 0.789611 -0.165687
0.18 0.784517 -0.201321


0.132632 0.693357 -0.306891
0.0526316 0.774865 -0.23453
0.00526316 0.683704 -0.333418
0.132632 0.693357 -0.306891


0.433333 0.730178 -0.147604
0.5 0.662255 -0.164115
0.5 0.76414 -0.0810148
0.433333 0.730178 -0.147604


0.785166 0.14309 -0.085921
0.725528 0.281865 -0.158505
0.680423 0.215304 -0.193565
0.785166 0.14309 -0.085921


0.913545 0.406737 -2.11894e-32
0.838292 0.295441 -0.069254
0.951057 0.309017 -1.7084e-32
0.913545 0.406737 -2.11894e-32


0.712378 0.368915 -0.157268
0.699228 0.455964 -0.139576
0.599614 0.389301 -0.24714
0.712378 0.368915 -0.157268


0.818567 0.375073 -0.0708208
0.712378 0.368915 -0.157268
0.725528 0.281865 -0.158505
0.818567 0.375073 -0.0708208


0.818567 0.375073 -0.0708208
0.798842 0.454704 -0.0617881
0.712378 0.368915 -0.157268
0.818567 0.375073 -0.0708208


-0.677361 0.48573 -0.173776
-0.733511 0.56216 -0.0751494
-0.790135 0.42411 -0.103699
-0.677361 0.48573 -0.173776


-0.714245 0.348219 -0.214955
-0.677361 0.48573 -0.173776
-0.790135 0.42411 -0.103699
-0.714245 0.348219 -0.214955


-0.596894 0.508684 -0.228866
-0.49023 0.432436 -0.36649
-0.516427 0.531637 -0.276536
-0.596894 0.508684 -0.228866


-0.638355 0.272329 -0.320693
-0.62121 0.4093 -0.271547
-0.714245 0.348219 -0.214955
-0.638355 0.272329 -0.320693


-0.564292 0.352383 -0.352609
-0.49023 0.432436 -0.36649
-0.62121 0.4093 -0.271547
-0.564292 0.352383 -0.352609


-0.866025 0.5 -3.06443e-32
-0.790135 0.42411 -0.103699
-0.733511 0.56216 -0.0751494
-0.866025 0.5 -3.06443e-32


-0.564292 0.352383 -0.352609
-0.638355 0.272329 -0.320693
-0.562464 0.196439 -0.412091
-0.564292 0.352383 -0.352609


-0.49023 0.432436 -0.36649
-0.564292 0.352383 -0.352609
-0.481973 0.327857 -0.430319
-0.49023 0.432436 -0.36649


-0.416168 0.51249 -0.36139
-0.49023 0.432436 -0.36649
-0.419847 0.376502 -0.448863
-0.416168 0.51249 -0.36139


-0.289474 0.501383 -0.438095
-0.416168 0.51249 -0.36139
-0.357721 0.425147 -0.457334
-0.289474 0.501383 -0.438095


-0.342105 0.592544 -0.337525
-0.394737 0.683704 -0.224319
-0.442365 0.61169 -0.262269
-0.342105 0.592544 -0.337525


-0.542625 0.630837 -0.176498
-0.442365 0.61169 -0.262269
-0.486201 0.703518 -0.151082
-0.542625 0.630837 -0.176498


-0.733511 0.56216 -0.0751494
-0.677361 0.48573 -0.173776
-0.638068 0.596499 -0.130333
-0.733511 0.56216 -0.0751494


-0.516427 0.531637 -0.276536
-0.416168 0.51249 -0.36139
-0.442365 0.61169 -0.262269
-0.516427 0.531637 -0.276536


-0.62121 0.4093 -0.271547
-0.638355 0.272329 -0.320693
-0.564292 0.352383 -0.352609
-0.62121 0.4093 -0.271547


-0.913545 0.406737 -3.07164e-32
-0.832651 0.328618 -0.104602
-0.790135 0.42411 -0.103699
-0.913545 0.406737 -3.07164e-32


-0.342105 0.592544 -0.337525
-0.194737 0.683704 -0.308831
-0.329825 0.744478 -0.196563
-0.342105 0.592544 -0.337525


-0.184211 0.319062 -0.57933
-0.0864662 0.338979 -0.585106
-0.136842 0.410223 -0.545004
-0.184211 0.319062 -0.57933


-0.194737 0.683704 -0.308831
-0.180702 0.774865 -0.216614
-0.329825 0.744478 -0.196563
-0.194737 0.683704 -0.308831


-0.102105 0.592544 -0.415682
-0.194737 0.683704 -0.308831
-0.217105 0.592544 -0.389749
-0.102105 0.592544 -0.415682


-0.0947368 0.683704 -0.329012
-0.180702 0.774865 -0.216614
-0.194737 0.683704 -0.308831
-0.0947368 0.683704 -0.329012


0.00526316 0.683704 -0.333418
-0.0947368 0.683704 -0.329012
-0.102105 0.592544 -0.415682
0.00526316 0.683704 -0.333418


-0.0473684 0.774865 -0.236515
-0.180702 0.774865 -0.216614
-0.0947368 0.683704 -0.329012
-0.0473684 0.774865 -0.236515


0.00526316 0.683704 -0.333418
-0.0473684 0.774865 -0.236515
-0.0947368 0.683704 -0.329012
0.00526316 0.683704 -0.333418


0.0526316 0.774865 -0.23453
-1.02445e-09 0.866025 -0.13725
-0.0473684 0.774865 -0.236515
0.0526316 0.774865 -0.23453


0.289474 0.381623 -0.472884
0.307018 0.283313 -0.490169
0.403509 0.319956 -0.420216
0.289474 0.381623 -0.472884


0.263008 0.540605 -0.395615
0.209674 0.594944 -0.374935
0.159348 0.486879 -0.473536
0.263008 0.540605 -0.395615


0.394737 0.420054 -0.392726
0.328872 0.480329 -0.40187
0.289474 0.381623 -0.472884
0.394737 0.420054 -0.392726


0.34 0.621501 -0.293537
0.209674 0.594944 -0.374935
0.263008 0.540605 -0.395615
0.34 0.621501 -0.293537


0.0789474 0.304762 -0.581647
0.144737 0.250245 -0.573169
0.184211 0.343193 -0.536425
0.0789474 0.304762 -0.581647


0.109023 0.378814 -0.547524
0.0789474 0.304762 -0.581647
0.184211 0.343193 -0.536425
0.109023 0.378814 -0.547524


-0.169474 0.501383 -0.478476
-0.136842 0.410223 -0.545004
-0.0894737 0.501383 -0.491746
-0.169474 0.501383 -0.478476


-0.0864662 0.338979 -0.585106
-0.0263158 0.266332 -0.607584
0.0112782 0.358897 -0.574356
-0.0864662 0.338979 -0.585106


0.0482456 0.230583 -0.603281
0.0175439 0.156403 -0.612277
0.114035 0.176065 -0.587624
0.0482456 0.230583 -0.603281


-0.0263158 0.266332 -0.607584
0.0482456 0.230583 -0.603281
0.0789474 0.304762 -0.581647
-0.0263158 0.266332 -0.607584


-0.0263158 0.266332 -0.607584
0.0175439 0.156403 -0.612277
0.0482456 0.230583 -0.603281
-0.0263158 0.266332 -0.607584


0.18 0.784517 -0.201321
0.1 0.866025 -0.130153
0.0526316 0.774865 -0.23453
0.18 0.784517 -0.201321


-0.486201 0.703518 -0.151082
-0.394737 0.683704 -0.224319
-0.447368 0.774865 -0.107399
-0.486201 0.703518 -0.151082


-0.587785 0.809017 -3.12624e-32
-0.486201 0.703518 -0.151082
-0.447368 0.774865 -0.107399
-0.587785 0.809017 -3.12624e-32


-0.669131 0.743145 -3.09866e-32
-0.743145 0.669131 -3.14035e-32
-0.627009 0.673988 -0.0793411
-0.669131 0.743145 -3.09866e-32


-0.424141 0.192967 -0.514707
-0.284998 0.252891 -0.570568
-0.399653 0.303331 -0.496332
-0.424141 0.192967 -0.514707


-0.342105 0.592544 -0.337525
-0.416168 0.51249 -0.36139
-0.289474 0.501383 -0.438095
-0.342105 0.592544 -0.337525


-0.424141 0.192967 -0.514707
-0.481059 0.249885 -0.46151
-0.486574 0.120548 -0.483141
-0.424141 0.192967 -0.514707


-0.410684 0.0446582 -0.529846
-0.424141 0.192967 -0.514707
-0.486574 0.120548 -0.483141
-0.410684 0.0446582 -0.529846


-0.335193 0.136126 -0.56917
-0.284998 0.252891 -0.570568
-0.424141 0.192967 -0.514707
-0.335193 0.136126 -0.56917


-0.357721 0.425147 -0.457334
-0.419847 0.376502 -0.448863
-0.318248 0.356777 -0.515937
-0.357721 0.425147 -0.457334


-0.481059 0.249885 -0.46151
-0.562464 0.196439 -0.412091
-0.486574 0.120548 -0.483141
-0.481059 0.249885 -0.46151


-0.481973 0.327857 -0.430319
-0.481059 0.249885 -0.46151
-0.399653 0.303331 -0.496332
-0.481973 0.327857 -0.430319


-0.318248 0.356777 -0.515937
-0.419847 0.376502 -0.448863
-0.399653 0.303331 -0.496332
-0.318248 0.356777 -0.515937


-0.564292 0.352383 -0.352609
-0.481059 0.249885 -0.46151
-0.481973 0.327857 -0.430319
-0.564292 0.352383 -0.352609


-0.564292 0.352383 -0.352609
-0.562464 0.196439 -0.412091
-0.481059 0.249885 -0.46151
-0.564292 0.352383 -0.352609


-0.832651 0.328618 -0.104602
-0.864883 0.229384 -0.103972
-0.751619 0.250857 -0.215291
-0.832651 0.328618 -0.104602


-0.0864662 0.338979 -0.585106
-0.184211 0.319062 -0.57933
-0.131579 0.227901 -0.613701
-0.0864662 0.338979 -0.585106


0.0789474 0.304762 -0.581647
0.0112782 0.358897 -0.574356
-0.0263158 0.266332 -0.607584
0.0789474 0.304762 -0.581647


-0.136842 0.410223 -0.545004
-0.236842 0.410223 -0.520004
-0.184211 0.319062 -0.57933
-0.136842 0.410223 -0.545004


0.0112782 0.358897 -0.574356
-0.0390977 0.43014 -0.54127
-0.0864662 0.338979 -0.585106
0.0112782 0.358897 -0.574356


-0.169474 0.501383 -0.478476
-0.236842 0.410223 -0.520004
-0.136842 0.410223 -0.545004
-0.169474 0.501383 -0.478476


-0.0894737 0.501383 -0.491746
-0.102105 0.592544 -0.415682
-0.169474 0.501383 -0.478476
-0.0894737 0.501383 -0.491746


-0.0864662 0.338979 -0.585106
-0.0390977 0.43014 -0.54127
-0.136842 0.410223 -0.545004
-0.0864662 0.338979 -0.585106


0.224411 0.434251 -0.480269
0.109023 0.378814 -0.547524
0.184211 0.343193 -0.536425
0.224411 0.434251 -0.480269


0.132632 0.693357 -0.306891
0.0398496 0.582074 -0.426549
0.124762 0.588509 -0.406233
0.132632 0.693357 -0.306891


0.0744361 0.480444 -0.499174
0.109023 0.378814 -0.547524
0.159348 0.486879 -0.473536
0.0744361 0.480444 -0.499174


-0.136842 0.410223 -0.545004
-0.0390977 0.43014 -0.54127
-0.0894737 0.501383 -0.491746
-0.136842 0.410223 -0.545004


0.0112782 0.358897 -0.574356
0.109023 0.378814 -0.547524
0.0744361 0.480444 -0.499174
0.0112782 0.358897 -0.574356


-0.102105 0.592544 -0.415682
-0.217105 0.592544 -0.389749
-0.169474 0.501383 -0.478476
-0.102105 0.592544 -0.415682


0.00526316 0.683704 -0.333418
0.0526316 0.774865 -0.23453
-0.0473684 0.774865 -0.236515
0.00526316 0.683704 -0.333418


-0.0894737 0.501383 -0.491746
0.0398496 0.582074 -0.426549
-0.102105 0.592544 -0.415682
-0.0894737 0.501383 -0.491746


0.132632 0.693357 -0.306891
0.26 0.703009 -0.257252
0.18 0.784517 -0.201321
0.132632 0.693357 -0.306891


0.124762 0.588509 -0.406233
0.159348 0.486879 -0.473536
0.209674 0.594944 -0.374935
0.124762 0.588509 -0.406233


0.132632 0.693357 -0.306891
0.124762 0.588509 -0.406233
0.209674 0.594944 -0.374935
0.132632 0.693357 -0.306891


0.0398496 0.582074 -0.426549
0.0744361 0.480444 -0.499174
0.124762 0.588509 -0.406233
0.0398496 0.582074 -0.426549


-0.102105 0.592544 -0.415682
0.0398496 0.582074 -0.426549
0.00526316 0.683704 -0.333418
-0.102105 0.592544 -0.415682


-0.0894737 0.501383 -0.491746
-0.0390977 0.43014 -0.54127
0.0744361 0.480444 -0.499174
-0.0894737 0.501383 -0.491746


0.224411 0.434251 -0.480269
0.184211 0.343193 -0.536425
0.289474 0.381623 -0.472884
0.224411 0.434251 -0.480269


0.328872 0.480329 -0.40187
0.224411 0.434251 -0.480269
0.289474 0.381623 -0.472884
0.328872 0.480329 -0.40187


0.159348 0.486879 -0.473536
0.109023 0.378814 -0.547524
0.224411 0.434251 -0.480269
0.159348 0.486879 -0.473536


-0.289474 0.501383 -0.438095
-0.357721 0.425147 -0.457334
-0.236842 0.410223 -0.520004
-0.289474 0.501383 -0.438095


-0.733511 0.56216 -0.0751494
-0.743145 0.669131 -3.14035e-32
-0.809017 0.587785 -3.07062e-32
-0.733511 0.56216 -0.0751494


-0.516427 0.531637 -0.276536
-0.442365 0.61169 -0.262269
-0.542625 0.630837 -0.176498
-0.516427 0.531637 -0.276536


-0.486201 0.703518 -0.151082
-0.587785 0.809017 -3.12624e-32
-0.627009 0.673988 -0.0793411
-0.486201 0.703518 -0.151082


-0.424141 0.192967 -0.514707
-0.399653 0.303331 -0.496332
-0.481059 0.249885 -0.46151
-0.424141 0.192967 -0.514707


-0.638068 0.596499 -0.130333
-0.542625 0.630837 -0.176498
-0.627009 0.673988 -0.0793411
-0.638068 0.596499 -0.130333


-0.743145 0.669131 -3.14035e-32
-0.638068 0.596499 -0.130333
-0.627009 0.673988 -0.0793411
-0.743145 0.669131 -3.14035e-32


-0.596894 0.508684 -0.228866
-0.62121 0.4093 -0.271547
-0.49023 0.432436 -0.36649
-0.596894 0.508684 -0.228866


-0.542625 0.630837 -0.176498
-0.596894 0.508684 -0.228866
-0.516427 0.531637 -0.276536
-0.542625 0.630837 -0.176498


-0.677361 0.48573 -0.173776
-0.62121 0.4093 -0.271547
-0.596894 0.508684 -0.228866
-0.677361 0.48573 -0.173776


-0.913545 0.406737 -3.07164e-32
-0.790135 0.42411 -0.103699
-0.866025 0.5 -3.06443e-32
-0.913545 0.406737 -3.07164e-32


-0.913545 0.406737 -3.07164e-32
-0.951057 0.309017 -3.0481e-32
-0.832651 0.328618 -0.104602
-0.913545 0.406737 -3.07164e-32


-0.733511 0.56216 -0.0751494
-0.809017 0.587785 -3.07062e-32
-0.866025 0.5 -3.06443e-32
-0.733511 0.56216 -0.0751494


-0.714245 0.348219 -0.214955
-0.62121 0.4093 -0.271547
-0.677361 0.48573 -0.173776
-0.714245 0.348219 -0.214955


-0.638068 0.596499 -0.130333
-0.743145 0.669131 -3.14035e-32
-0.733511 0.56216 -0.0751494
-0.638068 0.596499 -0.130333


-0.587867 0.0928415 -0.405298
-0.649903 -0.000400796 -0.34821
-0.525763 0.0285319 -0.454251
-0.587867 0.0928415 -0.405298


-0.486574 0.120548 -0.483141
-0.587867 0.0928415 -0.405298
-0.525763 0.0285319 -0.454251
-0.486574 0.120548 -0.483141


-0.649971 0.157151 -0.341163
-0.737479 0.117863 -0.259697
-0.587867 0.0928415 -0.405298
-0.649971 0.157151 -0.341163


-0.886507 0.127506 -0.101803
-0.994522 0.104528 -2.98264e-32
-0.912493 0.0392878 -0.0822143
-0.886507 0.127506 -0.101803


-0.737479 0.117863 -0.259697
-0.801181 0.173624 -0.18372
-0.824986 0.0785755 -0.171628
-0.737479 0.117863 -0.259697


-0.864883 0.229384 -0.103972
-0.978148 0.207912 -3.01565e-32
-0.886507 0.127506 -0.101803
-0.864883 0.229384 -0.103972


-0.649903 -0.000400796 -0.34821
-0.737479 0.117863 -0.259697
-0.788867 0.00303974 -0.210909
-0.649903 -0.000400796 -0.34821


-0.52168 -0.295365 -0.335955
-0.485432 -0.427283 -0.252548
-0.4288 -0.347243 -0.337558
-0.52168 -0.295365 -0.335955


-0.546601 -0.147438 -0.397151
-0.564952 -0.0634847 -0.409917
-0.663266 -0.129177 -0.311442
-0.546601 -0.147438 -0.397151


-0.722164 -0.212418 -0.231635
-0.614559 -0.243486 -0.306206
-0.663266 -0.129177 -0.311442
-0.722164 -0.212418 -0.231635


-0.459384 -0.20732 -0.420783
-0.397089 -0.119276 -0.493053
-0.546601 -0.147438 -0.397151
-0.459384 -0.20732 -0.420783


-0.4288 -0.347243 -0.337558
-0.459384 -0.20732 -0.420783
-0.52168 -0.295365 -0.335955
-0.4288 -0.347243 -0.337558


-0.397089 -0.119276 -0.493053
-0.478642 -0.05139 -0.472958
-0.546601 -0.147438 -0.397151
-0.397089 -0.119276 -0.493053


-0.951057 -0.309017 -2.68423e-32
-0.913545 -0.406737 -2.51966e-32
-0.8241 -0.361959 -0.0838418
-0.951057 -0.309017 -2.68423e-32


-0.8241 -0.361959 -0.0838418
-0.913545 -0.406737 -2.51966e-32
-0.866025 -0.5 -2.39112e-32
-0.8241 -0.361959 -0.0838418


-0.778047 -0.513384 -0.0485652
-0.747077 -0.438982 -0.106153
-0.866025 -0.5 -2.39112e-32
-0.778047 -0.513384 -0.0485652


-0.809017 -0.587785 -2.13141e-32
-0.778047 -0.513384 -0.0485652
-0.866025 -0.5 -2.39112e-32
-0.809017 -0.587785 -2.13141e-32


-0.723067 -0.572232 -0.0502354
-0.668087 -0.63108 -0.0428548
-0.670053 -0.516006 -0.108839
-0.723067 -0.572232 -0.0502354


-0.809017 -0.587785 -2.13141e-32
-0.723067 -0.572232 -0.0502354
-0.778047 -0.513384 -0.0485652
-0.809017 -0.587785 -2.13141e-32


-0.809017 -0.587785 -2.13141e-32
-0.743145 -0.669131 -1.71611e-32
-0.723067 -0.572232 -0.0502354
-0.809017 -0.587785 -2.13141e-32


-0.781061 -0.29566 -0.147176
-0.879604 -0.251786 -0.0747594
-0.8241 -0.361959 -0.0838418
-0.781061 -0.29566 -0.147176


-0.682518 -0.339534 -0.206122
-0.781061 -0.29566 -0.147176
-0.8241 -0.361959 -0.0838418
-0.682518 -0.339534 -0.206122


-0.879604 -0.251786 -0.0747594
-0.816176 -0.162141 -0.158819
-0.905349 -0.133335 -0.0775091
-0.879604 -0.251786 -0.0747594


-0.722164 -0.212418 -0.231635
-0.781061 -0.29566 -0.147176
-0.682518 -0.339534 -0.206122
-0.722164 -0.212418 -0.231635


-0.583975 -0.383409 -0.243303
-0.614559 -0.243486 -0.306206
-0.682518 -0.339534 -0.206122
-0.583975 -0.383409 -0.243303


-0.994522 -0.104528 -2.8558e-32
-0.864335 -0.0614266 -0.12814
-1 -1.50945e-15 -2.91647e-32
-0.994522 -0.104528 -2.8558e-32


-0.663266 -0.129177 -0.311442
-0.752748 -0.072496 -0.240103
-0.722164 -0.212418 -0.231635
-0.663266 -0.129177 -0.311442


-0.663266 -0.129177 -0.311442
-0.649903 -0.000400796 -0.34821
-0.752748 -0.072496 -0.240103
-0.663266 -0.129177 -0.311442


-0.649903 -0.000400796 -0.34821
-0.663266 -0.129177 -0.311442
-0.564952 -0.0634847 -0.409917
-0.649903 -0.000400796 -0.34821


-0.525763 0.0285319 -0.454251
-0.649903 -0.000400796 -0.34821
-0.564952 -0.0634847 -0.409917
-0.525763 0.0285319 -0.454251


-0.737479 0.117863 -0.259697
-0.824986 0.0785755 -0.171628
-0.788867 0.00303974 -0.210909
-0.737479 0.117863 -0.259697


-0.816176 -0.162141 -0.158819
-0.781061 -0.29566 -0.147176
-0.722164 -0.212418 -0.231635
-0.816176 -0.162141 -0.158819


-0.951057 -0.309017 -2.68423e-32
-0.879604 -0.251786 -0.0747594
-0.978148 -0.207912 -2.80265e-32
-0.951057 -0.309017 -2.68423e-32


-0.951057 -0.309017 -2.68423e-32
-0.8241 -0.361959 -0.0838418
-0.879604 -0.251786 -0.0747594
-0.951057 -0.309017 -2.68423e-32


-0.198918 -0.0258347 -0.583996
-0.334793 -0.0312321 -0.549714
-0.258903 -0.107122 -0.541107
-0.198918 -0.0258347 -0.583996


-0.0263158 0.0455803 -0.602347
-0.138933 0.0554531 -0.611099
-0.0785481 -0.0306174 -0.582714
-0.0263158 0.0455803 -0.602347


-0.267055 0.0551457 -0.590277
-0.334793 -0.0312321 -0.549714
-0.198918 -0.0258347 -0.583996
-0.267055 0.0551457 -0.590277


-0.525763 0.0285319 -0.454251
-0.410684 0.0446582 -0.529846
-0.486574 0.120548 -0.483141
-0.525763 0.0285319 -0.454251


-0.562464 0.196439 -0.412091
-0.587867 0.0928415 -0.405298
-0.486574 0.120548 -0.483141
-0.562464 0.196439 -0.412091


-0.478642 -0.05139 -0.472958
-0.397089 -0.119276 -0.493053
-0.334793 -0.0312321 -0.549714
-0.478642 -0.05139 -0.472958


-0.564952 -0.0634847 -0.409917
-0.478642 -0.05139 -0.472958
-0.525763 0.0285319 -0.454251
-0.564952 -0.0634847 -0.409917


-0.564952 -0.0634847 -0.409917
-0.546601 -0.147438 -0.397151
-0.478642 -0.05139 -0.472958
-0.564952 -0.0634847 -0.409917


-0.52168 -0.295365 -0.335955
-0.583975 -0.383409 -0.243303
-0.485432 -0.427283 -0.252548
-0.52168 -0.295365 -0.335955


-0.372167 -0.267203 -0.416343
-0.315535 -0.187163 -0.485011
-0.459384 -0.20732 -0.420783
-0.372167 -0.267203 -0.416343


-0.31893 -0.375109 -0.333893
-0.372167 -0.267203 -0.416343
-0.4288 -0.347243 -0.337558
-0.31893 -0.375109 -0.333893


-0.31893 -0.375109 -0.333893
-0.250971 -0.279061 -0.426824
-0.372167 -0.267203 -0.416343
-0.31893 -0.375109 -0.333893


-0.459384 -0.20732 -0.420783
-0.546601 -0.147438 -0.397151
-0.52168 -0.295365 -0.335955
-0.459384 -0.20732 -0.420783


-0.864335 -0.0614266 -0.12814
-0.912493 0.0392878 -0.0822143
-1 -1.50945e-15 -2.91647e-32
-0.864335 -0.0614266 -0.12814


-0.816176 -0.162141 -0.158819
-0.864335 -0.0614266 -0.12814
-0.905349 -0.133335 -0.0775091
-0.816176 -0.162141 -0.158819


-0.788867 0.00303974 -0.210909
-0.912493 0.0392878 -0.0822143
-0.864335 -0.0614266 -0.12814
-0.788867 0.00303974 -0.210909


-0.649903 -0.000400796 -0.34821
-0.788867 0.00303974 -0.210909
-0.752748 -0.072496 -0.240103
-0.649903 -0.000400796 -0.34821


-0.824986 0.0785755 -0.171628
-0.912493 0.0392878 -0.0822143
-0.788867 0.00303974 -0.210909
-0.824986 0.0785755 -0.171628


-0.832651 0.328618 -0.104602
-0.714245 0.348219 -0.214955
-0.790135 0.42411 -0.103699
-0.832651 0.328618 -0.104602


-0.978148 0.207912 -3.01565e-32
-0.864883 0.229384 -0.103972
-0.951057 0.309017 -3.0481e-32
-0.978148 0.207912 -3.01565e-32


-0.751619 0.250857 -0.215291
-0.737479 0.117863 -0.259697
-0.649971 0.157151 -0.341163
-0.751619 0.250857 -0.215291


-0.714245 0.348219 -0.214955
-0.751619 0.250857 -0.215291
-0.638355 0.272329 -0.320693
-0.714245 0.348219 -0.214955


-0.864883 0.229384 -0.103972
-0.801181 0.173624 -0.18372
-0.751619 0.250857 -0.215291
-0.864883 0.229384 -0.103972


-0.951057 0.309017 -3.0481e-32
-0.864883 0.229384 -0.103972
-0.832651 0.328618 -0.104602
-0.951057 0.309017 -3.0481e-32


-0.978148 0.207912 -3.01565e-32
-0.994522 0.104528 -2.98264e-32
-0.886507 0.127506 -0.101803
-0.978148 0.207912 -3.01565e-32


-0.525763 0.0285319 -0.454251
-0.478642 -0.05139 -0.472958
-0.410684 0.0446582 -0.529846
-0.525763 0.0285319 -0.454251


-0.386889 -0.471157 -0.229967
-0.4288 -0.347243 -0.337558
-0.485432 -0.427283 -0.252548
-0.386889 -0.471157 -0.229967


-0.478642 -0.05139 -0.472958
-0.334793 -0.0312321 -0.549714
-0.410684 0.0446582 -0.529846
-0.478642 -0.05139 -0.472958


-0.4288 -0.347243 -0.337558
-0.372167 -0.267203 -0.416343
-0.459384 -0.20732 -0.420783
-0.4288 -0.347243 -0.337558


-0.258903 -0.107122 -0.541107
-0.334793 -0.0312321 -0.549714
-0.397089 -0.119276 -0.493053
-0.258903 -0.107122 -0.541107


-0.315535 -0.187163 -0.485011
-0.397089 -0.119276 -0.493053
-0.459384 -0.20732 -0.420783
-0.315535 -0.187163 -0.485011


-0.183013 -0.183013 -0.502922
-0.315535 -0.187163 -0.485011
-0.250971 -0.279061 -0.426824
-0.183013 -0.183013 -0.502922


-0.258903 -0.107122 -0.541107
-0.397089 -0.119276 -0.493053
-0.315535 -0.187163 -0.485011
-0.258903 -0.107122 -0.541107


-0.440119 -0.618379 -0.0701221
-0.364232 -0.566705 -0.119533
-0.386889 -0.471157 -0.229967
-0.440119 -0.618379 -0.0701221


-0.485432 -0.427283 -0.252548
-0.539231 -0.510156 -0.165866
-0.386889 -0.471157 -0.229967
-0.485432 -0.427283 -0.252548


-0.516006 -0.670053 -0.0339552
-0.438982 -0.747077 0.0738659
-0.440119 -0.618379 -0.0701221
-0.516006 -0.670053 -0.0339552


-0.240586 -0.417007 -0.288503
-0.288345 -0.515031 -0.17443
-0.162242 -0.458905 -0.222833
-0.240586 -0.417007 -0.288503


-0.16753 -0.344279 -0.36019
-0.240586 -0.417007 -0.288503
-0.162242 -0.458905 -0.222833
-0.16753 -0.344279 -0.36019


-0.31893 -0.375109 -0.333893
-0.288345 -0.515031 -0.17443
-0.240586 -0.417007 -0.288503
-0.31893 -0.375109 -0.333893


-0.189802 -0.558906 -0.0893472
-0.091259 -0.60278 0.0205463
-0.0712501 -0.513451 -0.113964
-0.189802 -0.558906 -0.0893472


-0.355922 -0.684353 0.0404614
-0.271726 -0.750327 0.194402
-0.247188 -0.647304 0.0288638
-0.355922 -0.684353 0.0404614


-0.364232 -0.566705 -0.119533
-0.355922 -0.684353 0.0404614
-0.247188 -0.647304 0.0288638
-0.364232 -0.566705 -0.119533


-0.440119 -0.618379 -0.0701221
-0.438982 -0.747077 0.0738659
-0.355922 -0.684353 0.0404614
-0.440119 -0.618379 -0.0701221


-0.355922 -0.684353 0.0404614
-0.361959 -0.8241 0.264878
-0.271726 -0.750327 0.194402
-0.355922 -0.684353 0.0404614


-0.0712501 -0.513451 -0.113964
0.0259712 -0.528669 -0.0414719
0.0446582 -0.410684 -0.206364
-0.0712501 -0.513451 -0.113964


-0.410684 0.0446582 -0.529846
-0.335193 0.136126 -0.56917
-0.424141 0.192967 -0.514707
-0.410684 0.0446582 -0.529846


-0.138933 0.0554531 -0.611099
-0.0263158 0.0455803 -0.602347
-0.0789474 0.136741 -0.621693
-0.138933 0.0554531 -0.611099


-0.138933 0.0554531 -0.611099
-0.198918 -0.0258347 -0.583996
-0.0785481 -0.0306174 -0.582714
-0.138933 0.0554531 -0.611099


-0.131579 0.227901 -0.613701
-0.199317 0.141524 -0.611884
-0.0789474 0.136741 -0.621693
-0.131579 0.227901 -0.613701


-0.267055 0.0551457 -0.590277
-0.198918 -0.0258347 -0.583996
-0.138933 0.0554531 -0.611099
-0.267055 0.0551457 -0.590277


-0.0789474 0.136741 -0.621693
-0.199317 0.141524 -0.611884
-0.138933 0.0554531 -0.611099
-0.0789474 0.136741 -0.621693


-0.335193 0.136126 -0.56917
-0.410684 0.0446582 -0.529846
-0.267055 0.0551457 -0.590277
-0.335193 0.136126 -0.56917


-0.13078 -0.106815 -0.549383
-0.0140875 -0.197822 -0.464739
0.00611413 -0.121701 -0.51594
-0.13078 -0.106815 -0.549383


-0.183013 -0.183013 -0.502922
-0.13078 -0.106815 -0.549383
-0.258903 -0.107122 -0.541107
-0.183013 -0.183013 -0.502922


-0.183013 -0.183013 -0.502922
-0.107122 -0.258903 -0.434429
-0.13078 -0.106815 -0.549383
-0.183013 -0.183013 -0.502922


0.0789474 0.0874069 -0.587714
0.215789 0.033783 -0.51011
0.213158 0.114755 -0.537287
0.0789474 0.0874069 -0.587714


0.0789474 -0.136741 -0.478619
0.121053 -0.00589863 -0.539817
0.0263158 -0.0455803 -0.55488
0.0789474 -0.136741 -0.478619


0.184211 -0.115291 -0.440769
0.215789 0.033783 -0.51011
0.121053 -0.00589863 -0.539817
0.184211 -0.115291 -0.440769


-0.199317 0.141524 -0.611884
-0.267055 0.0551457 -0.590277
-0.138933 0.0554531 -0.611099
-0.199317 0.141524 -0.611884


-0.284998 0.252891 -0.570568
-0.199317 0.141524 -0.611884
-0.131579 0.227901 -0.613701
-0.284998 0.252891 -0.570568


-0.284998 0.252891 -0.570568
-0.335193 0.136126 -0.56917
-0.199317 0.141524 -0.611884
-0.284998 0.252891 -0.570568


0.403509 0.319956 -0.420216
0.394737 0.212887 -0.435621
0.5 0.254713 -0.353716
0.403509 0.319956 -0.420216


0.0175439 0.156403 -0.612277
-0.0263158 0.266332 -0.607584
-0.0789474 0.136741 -0.621693
0.0175439 0.156403 -0.612277


-0.0263158 0.0455803 -0.602347
0.0175439 0.156403 -0.612277
-0.0789474 0.136741 -0.621693
-0.0263158 0.0455803 -0.602347


0.114035 0.176065 -0.587624
0.144737 0.250245 -0.573169
0.0482456 0.230583 -0.603281
0.114035 0.176065 -0.587624


0.0263158 -0.0455803 -0.55488
0.121053 -0.00589863 -0.539817
0.0789474 0.0874069 -0.587714
0.0263158 -0.0455803 -0.55488


0.144737 0.250245 -0.573169
0.0789474 0.304762 -0.581647
0.0482456 0.230583 -0.603281
0.144737 0.250245 -0.573169


0.210526 0.195727 -0.548345
0.144737 0.250245 -0.573169
0.114035 0.176065 -0.587624
0.210526 0.195727 -0.548345


0.210526 0.195727 -0.548345
0.184211 0.343193 -0.536425
0.144737 0.250245 -0.573169
0.210526 0.195727 -0.548345


0.5 0.356599 -0.338549
0.403509 0.319956 -0.420216
0.5 0.254713 -0.353716
0.5 0.356599 -0.338549


0.42 0.539992 -0.30781
0.394737 0.420054 -0.392726
0.5 0.458484 -0.299033
0.42 0.539992 -0.30781


0.425 0.636783 -0.232134
0.42 0.539992 -0.30781
0.5 0.560369 -0.239126
0.425 0.636783 -0.232134


0.425 0.636783 -0.232134
0.35 0.713197 -0.207157
0.34 0.621501 -0.293537
0.425 0.636783 -0.232134


0.5 0.662255 -0.164115
0.425 0.636783 -0.232134
0.5 0.560369 -0.239126
0.5 0.662255 -0.164115


0.34 0.621501 -0.293537
0.26 0.703009 -0.257252
0.209674 0.594944 -0.374935
0.34 0.621501 -0.293537


0.394737 0.212887 -0.435621
0.403509 0.319956 -0.420216
0.307018 0.283313 -0.490169
0.394737 0.212887 -0.435621


0.210526 0.195727 -0.548345
0.289474 0.17106 -0.503345
0.307018 0.283313 -0.490169
0.210526 0.195727 -0.548345


0.405263 0.113146 -0.409599
0.5 0.152828 -0.341935
0.394737 0.212887 -0.435621
0.405263 0.113146 -0.409599


0.5 0.356599 -0.338549
0.5 0.458484 -0.299033
0.394737 0.420054 -0.392726
0.5 0.356599 -0.338549


-0.627014 -0.449707 -0.174621
-0.539231 -0.510156 -0.165866
-0.583975 -0.383409 -0.243303
-0.627014 -0.449707 -0.174621


-0.682518 -0.339534 -0.206122
-0.627014 -0.449707 -0.174621
-0.583975 -0.383409 -0.243303
-0.682518 -0.339534 -0.206122


-0.670053 -0.516006 -0.108839
-0.59303 -0.59303 -0.087457
-0.539231 -0.510156 -0.165866
-0.670053 -0.516006 -0.108839


0.104961 -0.893191 0.709956
0.00242804 -0.882218 0.620497
-1.96005e-15 -1 0.862518
0.104961 -0.893191 0.709956


0.207912 -0.978148 0.951994
0.104961 -0.893191 0.709956
0.104528 -0.994522 0.913659
0.207912 -0.978148 0.951994


0.105394 -0.79186 0.501598
0.00242804 -0.882218 0.620497
0.104961 -0.893191 0.709956
0.105394 -0.79186 0.501598


-0.091259 -0.60278 0.0205463
-0.0945764 -0.700715 0.194994
0.00728413 -0.646654 0.151327
-0.091259 -0.60278 0.0205463


-0.101211 -0.896586 0.590202
-1.96005e-15 -1 0.862518
0.00242804 -0.882218 0.620497
-0.101211 -0.896586 0.590202


0.302914 -0.778277 0.638479
0.272329 -0.638355 0.339151
0.20437 -0.734403 0.463444
0.302914 -0.778277 0.638479


0.42411 -0.790135 0.782201
0.348219 -0.714245 0.558194
0.302914 -0.778277 0.638479
0.42411 -0.790135 0.782201


0.587785 -0.809017 0.993486
0.5 -0.76414 0.816524
0.5 -0.866025 0.998534
0.587785 -0.809017 0.993486


0.5 -0.76414 0.816524
0.5 -0.662255 0.630356
0.42411 -0.68825 0.590067
0.5 -0.76414 0.816524


0.412281 -0.30655 -0.0511588
0.394737 -0.428991 0.105877
0.5 -0.356599 0.119266
0.412281 -0.30655 -0.0511588


0.422581 -0.606882 0.438267
0.421053 -0.525514 0.293138
0.342105 -0.592544 0.324277
0.422581 -0.606882 0.438267


0.42411 -0.68825 0.590067
0.422581 -0.606882 0.438267
0.342105 -0.592544 0.324277
0.42411 -0.68825 0.590067


0.42411 -0.68825 0.590067
0.5 -0.662255 0.630356
0.422581 -0.606882 0.438267
0.42411 -0.68825 0.590067


0.5 -0.560369 0.44827
0.5 -0.458484 0.276524
0.421053 -0.525514 0.293138
0.5 -0.560369 0.44827


0.422581 -0.606882 0.438267
0.5 -0.560369 0.44827
0.421053 -0.525514 0.293138
0.422581 -0.606882 0.438267


0.5 -0.662255 0.630356
0.586936 -0.670764 0.753335
0.5 -0.560369 0.44827
0.5 -0.662255 0.630356


-0.747077 -0.438982 -0.106153
-0.627014 -0.449707 -0.174621
-0.682518 -0.339534 -0.206122
-0.747077 -0.438982 -0.106153


-0.747077 -0.438982 -0.106153
-0.8241 -0.361959 -0.0838418
-0.866025 -0.5 -2.39112e-32
-0.747077 -0.438982 -0.106153


-0.627014 -0.449707 -0.174621
-0.747077 -0.438982 -0.106153
-0.670053 -0.516006 -0.108839
-0.627014 -0.449707 -0.174621


-0.682518 -0.339534 -0.206122
-0.8241 -0.361959 -0.0838418
-0.747077 -0.438982 -0.106153
-0.682518 -0.339534 -0.206122


-0.669131 -0.743145 -1.00608e-32
-0.592568 -0.706599 -0.0192945
-0.668087 -0.63108 -0.0428548
-0.669131 -0.743145 -1.00608e-32


-0.668087 -0.63108 -0.0428548
-0.723067 -0.572232 -0.0502354
-0.743145 -0.669131 -1.71611e-32
-0.668087 -0.63108 -0.0428548


-0.539231 -0.510156 -0.165866
-0.627014 -0.449707 -0.174621
-0.670053 -0.516006 -0.108839
-0.539231 -0.510156 -0.165866


-0.288345 -0.515031 -0.17443
-0.31893 -0.375109 -0.333893
-0.386889 -0.471157 -0.229967
-0.288345 -0.515031 -0.17443


-0.832651 0.328618 -0.104602
-0.751619 0.250857 -0.215291
-0.714245 0.348219 -0.214955
-0.832651 0.328618 -0.104602


-0.649971 0.157151 -0.341163
-0.587867 0.0928415 -0.405298
-0.562464 0.196439 -0.412091
-0.649971 0.157151 -0.341163


-0.614559 -0.243486 -0.306206
-0.52168 -0.295365 -0.335955
-0.546601 -0.147438 -0.397151
-0.614559 -0.243486 -0.306206


-0.663266 -0.129177 -0.311442
-0.614559 -0.243486 -0.306206
-0.546601 -0.147438 -0.397151
-0.663266 -0.129177 -0.311442


-0.722164 -0.212418 -0.231635
-0.682518 -0.339534 -0.206122
-0.614559 -0.243486 -0.306206
-0.722164 -0.212418 -0.231635


-0.614559 -0.243486 -0.306206
-0.583975 -0.383409 -0.243303
-0.52168 -0.295365 -0.335955
-0.614559 -0.243486 -0.306206


-0.357721 0.425147 -0.457334
-0.318248 0.356777 -0.515937
-0.236842 0.410223 -0.520004
-0.357721 0.425147 -0.457334


-0.587867 0.0928415 -0.405298
-0.737479 0.117863 -0.259697
-0.649903 -0.000400796 -0.34821
-0.587867 0.0928415 -0.405298


-0.638355 0.272329 -0.320693
-0.649971 0.157151 -0.341163
-0.562464 0.196439 -0.412091
-0.638355 0.272329 -0.320693


-0.816176 -0.162141 -0.158819
-0.722164 -0.212418 -0.231635
-0.752748 -0.072496 -0.240103
-0.816176 -0.162141 -0.158819


-0.638355 0.272329 -0.320693
-0.751619 0.250857 -0.215291
-0.649971 0.157151 -0.341163
-0.638355 0.272329 -0.320693


-0.905349 -0.133335 -0.0775091
-0.864335 -0.0614266 -0.12814
-0.994522 -0.104528 -2.8558e-32
-0.905349 -0.133335 -0.0775091


-0.864335 -0.0614266 -0.12814
-0.752748 -0.072496 -0.240103
-0.788867 0.00303974 -0.210909
-0.864335 -0.0614266 -0.12814


-0.864335 -0.0614266 -0.12814
-0.816176 -0.162141 -0.158819
-0.752748 -0.072496 -0.240103
-0.864335 -0.0614266 -0.12814


-0.978148 -0.207912 -2.80265e-32
-0.905349 -0.133335 -0.0775091
-0.994522 -0.104528 -2.8558e-32
-0.978148 -0.207912 -2.80265e-32


-0.978148 -0.207912 -2.80265e-32
-0.879604 -0.251786 -0.0747594
-0.905349 -0.133335 -0.0775091
-0.978148 -0.207912 -2.80265e-32


-0.879604 -0.251786 -0.0747594
-0.781061 -0.29566 -0.147176
-0.816176 -0.162141 -0.158819
-0.879604 -0.251786 -0.0747594


-0.824986 0.0785755 -0.171628
-0.886507 0.127506 -0.101803
-0.912493 0.0392878 -0.0822143
-0.824986 0.0785755 -0.171628


-0.801181 0.173624 -0.18372
-0.886507 0.127506 -0.101803
-0.824986 0.0785755 -0.171628
-0.801181 0.173624 -0.18372


-0.751619 0.250857 -0.215291
-0.801181 0.173624 -0.18372
-0.737479 0.117863 -0.259697
-0.751619 0.250857 -0.215291


-0.864883 0.229384 -0.103972
-0.886507 0.127506 -0.101803
-0.801181 0.173624 -0.18372
-0.864883 0.229384 -0.103972


-0.994522 0.104528 -2.98264e-32
-1 -1.50945e-15 -2.91647e-32
-0.912493 0.0392878 -0.0822143
-0.994522 0.104528 -2.98264e-32


-0.284998 0.252891 -0.570568
-0.131579 0.227901 -0.613701
-0.184211 0.319062 -0.57933
-0.284998 0.252891 -0.570568


-0.199317 0.141524 -0.611884
-0.335193 0.136126 -0.56917
-0.267055 0.0551457 -0.590277
-0.199317 0.141524 -0.611884


-0.318248 0.356777 -0.515937
-0.284998 0.252891 -0.570568
-0.184211 0.319062 -0.57933
-0.318248 0.356777 -0.515937


-0.318248 0.356777 -0.515937
-0.399653 0.303331 -0.496332
-0.284998 0.252891 -0.570568
-0.318248 0.356777 -0.515937


-0.236842 0.410223 -0.520004
-0.318248 0.356777 -0.515937
-0.184211 0.319062 -0.57933
-0.236842 0.410223 -0.520004


-0.419847 0.376502 -0.448863
-0.49023 0.432436 -0.36649
-0.481973 0.327857 -0.430319
-0.419847 0.376502 -0.448863


-0.399653 0.303331 -0.496332
-0.419847 0.376502 -0.448863
-0.481973 0.327857 -0.430319
-0.399653 0.303331 -0.496332


-0.357721 0.425147 -0.457334
-0.416168 0.51249 -0.36139
-0.419847 0.376502 -0.448863
-0.357721 0.425147 -0.457334


-0.410684 0.0446582 -0.529846
-0.334793 -0.0312321 -0.549714
-0.267055 0.0551457 -0.590277
-0.410684 0.0446582 -0.529846


-0.747077 -0.438982 -0.106153
-0.778047 -0.513384 -0.0485652
-0.670053 -0.516006 -0.108839
-0.747077 -0.438982 -0.106153


-0.592568 -0.706599 -0.0192945
-0.669131 -0.743145 -1.00608e-32
-0.587785 -0.809017 5.50183e-33
-0.592568 -0.706599 -0.0192945


-0.513384 -0.778047 0.0341729
-0.592568 -0.706599 -0.0192945
-0.587785 -0.809017 5.50183e-33
-0.513384 -0.778047 0.0341729


-0.516006 -0.670053 -0.0339552
-0.59303 -0.59303 -0.087457
-0.592568 -0.706599 -0.0192945
-0.516006 -0.670053 -0.0339552


-0.592568 -0.706599 -0.0192945
-0.59303 -0.59303 -0.087457
-0.668087 -0.63108 -0.0428548
-0.592568 -0.706599 -0.0192945


-0.406737 -0.913545 0.422122
-0.361959 -0.8241 0.264878
-0.5 -0.866025 1.81747e-31
-0.406737 -0.913545 0.422122


-0.440119 -0.618379 -0.0701221
-0.59303 -0.59303 -0.087457
-0.516006 -0.670053 -0.0339552
-0.440119 -0.618379 -0.0701221


-0.183151 -0.725521 0.195854
-0.091259 -0.60278 0.0205463
-0.247188 -0.647304 0.0288638
-0.183151 -0.725521 0.195854


-0.178749 -0.884306 0.520366
-0.101211 -0.896586 0.590202
-0.0978938 -0.798651 0.386646
-0.178749 -0.884306 0.520366


-0.225237 -0.817316 0.352312
-0.178749 -0.884306 0.520366
-0.0978938 -0.798651 0.386646
-0.225237 -0.817316 0.352312


-0.361959 -0.8241 0.264878
-0.225237 -0.817316 0.352312
-0.271726 -0.750327 0.194402
-0.361959 -0.8241 0.264878


-0.267127 -0.884186 0.466838
-0.309017 -0.951057 0.590123
-0.207912 -0.978148 0.70716
-0.267127 -0.884186 0.466838


-0.361959 -0.8241 0.264878
-0.267127 -0.884186 0.466838
-0.225237 -0.817316 0.352312
-0.361959 -0.8241 0.264878


-0.361959 -0.8241 0.264878
-0.309017 -0.951057 0.590123
-0.267127 -0.884186 0.466838
-0.361959 -0.8241 0.264878


-0.207912 -0.978148 0.70716
-0.104528 -0.994522 0.79499
-0.178749 -0.884306 0.520366
-0.207912 -0.978148 0.70716


0.00485609 -0.764436 0.377992
0.00728413 -0.646654 0.151327
-0.0945764 -0.700715 0.194994
0.00485609 -0.764436 0.377992


